QRC 9 0 591
QRC 0 0 1000
QRC 6 0 1000
QRC 8 0 1000
QRC 7 0 1000
QRC 5 0 1000
QRC 13 0 1000
QRC 1 0 1000
QRC 3 0 1000
QRC 2 0 1000
QRC 4 0 1000
QRC 12 0 1000
QRC 11 0 1000
QRC 10 0 1000
QRC 12 1 405
QRC 9 1 1000
QRC 0 1 633
QRC 6 1 868
QRC 8 1 1000
QRC 7 1 1000
QRC 5 1 1000
QRC 13 1 1000
QRC 1 1 1000
QRC 3 1 1000
QRC 4 1 1000
QRC 2 1 1000
QRC 11 1 1000
QRC 10 1 1000
QRC 0 2 548
QRC 6 2 492
QRC 9 2 1000
QRC 6 3 262
QRC 12 2 1000
QRC 0 3 420
QRC 8 2 1000
QRC 7 2 1000
QRC 5 2 1000
QRC 13 2 1000
QRC 1 2 1000
QRC 3 2 1000
QRC 6 4 625
QRC 4 2 1000
QRC 11 2 972
QRC 2 2 1000
QRC 10 2 1000
QRC 0 4 494
QRC 9 3 1000
QRC 11 3 384
QRC 12 3 1000
QRC 8 3 1000
QRC 5 3 1000
QRC 13 3 1000
QRC 7 3 1000
QRC 3 3 757
QRC 6 5 825
QRC 11 4 448
QRC 1 3 1000
QRC 4 3 1000
QRC 2 3 1000
QRC 10 3 1000
QRC 0 5 1000
QRC 6 6 365
QRC 9 4 1000
QRC 12 4 1000
QRC 8 4 1000
QRC 5 4 1000
QRC 7 4 1000
QRC 13 4 1000
QRC 3 4 1000
QRC 11 5 1000
QRC 1 4 1000
QRC 13 5 374
QRC 6 7 1000
QRC 4 4 1000
QRC 2 4 1000
QRC 10 4 1000
QRC 0 6 1000
QRC 9 5 1000
QRC 3 5 573
QRC 12 5 1000
QRC 8 5 1000
QRC 5 5 1000
QRC 7 5 1000
QRC 11 6 1000
QRC 13 6 1000
QRC 6 8 1000
QRC 1 5 1000
QRC 3 6 694
QRC 4 5 1000
QRC 2 5 1000
QRC 9 6 1000
QRC 10 5 1000
QRC 0 7 1000
QRC 8 6 1000
QRC 5 6 1000
QRC 12 6 1000
QRC 7 6 1000
QRC 13 7 1000
QRC 6 9 1000
QRC 12 7 380
QRC 11 7 1000
QRC 9 7 1000
QRC 1 6 1000
QRC 2 6 1000
QRC 3 7 1000
QRC 4 6 1000
QRC 10 6 1000
QRC 0 8 1000
QRC 12 8 358
QRC 8 7 1000
QRC 5 7 1000
QRC 7 7 1000
QRC 1 7 473
QRC 12 9 294
QRC 13 8 1000
QRC 6 10 1000
QRC 9 8 1000
QRC 11 8 1000
QRC 2 7 1000
QRC 3 8 1000
QRC 4 7 1000
QRC 10 7 1000
QRC 0 9 1000
QRC 8 8 1000
QRC 1 8 795
QRC 7 8 1000
QRC 5 8 1000
QRC 12 10 934
QRC 13 9 1000
QRC 6 11 1000
QRC 9 9 1000
QRC 11 9 1000
QRC 2 8 1000
QRC 3 9 1000
QRC 4 8 1000
QRC 10 8 1000
QRC 8 9 1000
QRC 0 10 1000
QRC 5 9 1000
QRC 7 9 1000
QRC 1 9 1000
QRC 12 11 1000
QRC 13 10 1000
QRC 6 12 1000
QRC 9 10 1000
QRC 13 11 355
QRC 11 10 946
QRC 2 9 1000
QRC 3 10 1000
QRC 8 10 1000
QRC 4 9 1000
QRC 13 12 259
QRC 5 10 1000
QRC 7 10 1000
QRC 12 12 633
QRC 10 9 1000
QRC 0 11 1000
QRC 1 10 1000
QRC 6 13 1000
QRC 9 11 1000
QRC 11 11 656
QRC 0 12 470
QRC 11 12 380
QRC 7 11 923
QRC 8 11 1000
QRC 13 13 1000
QRC 5 11 1000
QRC 1 11 754
QRC 2 10 1000
QRC 3 11 1000
QRC 4 10 1000
QRC 12 13 1000
QRC 10 10 1000
QRC 0 13 797
QRC 6 14 1000
QRC 9 12 1000
QRC 11 13 694
QRC 7 12 1000
QRC 8 12 1000
QRC 13 14 1000
QRC 11 14 357
QRC 5 12 1000
QRC 2 11 1000
QRC 1 12 1000
QRC 3 12 1000
QRC 4 11 1000
QRC 12 14 1000
QRC 10 11 1000
QRC 6 15 1000
QRC 9 13 1000
QRC 0 14 1000
QRC 11 15 543
QRC 5 13 675
QRC 7 13 1000
QRC 8 13 1000
QRC 13 15 1000
QRC 2 12 1000
QRC 1 13 1000
QRC 12 15 906
QRC 3 13 1000
QRC 4 12 1000
QRC 10 12 1000
QRC 12 16 139
QRC 6 16 1000
QRC 8 14 475
QRC 9 14 1000
QRC 12 17 160
QRC 0 15 1000
QRC 5 14 1000
QRC 12 18 139
QRC 11 16 1000
QRC 12 19 96
QRC 7 14 1000
QRC 12 20 109
QRC 13 16 1000
QRC 12 21 148
QRC 2 13 1000
QRC 1 14 1000
QRC 12 22 150
QRC 3 14 1000
QRC 4 13 1000
QRC 6 17 1000
QRC 8 15 1000
QRC 10 13 1000
QRC 9 15 1000
QRC 12 23 195
QRC 7 15 747
QRC 11 17 848
QRC 5 15 1000
QRC 0 16 1000
QRC 12 24 291
QRC 13 17 1000
QRC 12 25 240
QRC 11 18 485
QRC 12 26 159
QRC 8 16 848
QRC 2 14 1000
QRC 1 15 1000
QRC 6 18 1000
QRC 3 15 1000
QRC 4 14 1000
QRC 9 16 1000
QRC 12 27 237
QRC 10 14 1000
QRC 7 16 1000
QRC 5 16 1000
QRC 11 19 471
QRC 0 17 1000
QRC 12 28 289
QRC 1 16 487
QRC 5 17 233
QRC 12 29 153
QRC 13 18 1000
QRC 1 17 205
QRC 8 17 1000
QRC 11 20 525
QRC 12 30 311
QRC 0 18 554
QRC 6 19 1000
QRC 2 15 1000
QRC 12 31 91
QRC 9 17 1000
QRC 3 16 1000
QRC 4 15 1000
QRC 10 15 1000
QRC 11 21 314
QRC 7 17 1000
QRC 12 32 223
QRC 8 18 595
QRC 12 33 163
QRC 5 18 1000
QRC 13 19 1000
QRC 0 19 598
QRC 12 34 188
QRC 11 22 413
QRC 6 20 718
QRC 1 18 1000
QRC 8 19 422
QRC 12 35 172
QRC 6 21 215
QRC 3 17 803
QRC 9 18 1000
QRC 2 16 1000
QRC 11 23 392
QRC 6 22 224
QRC 0 20 449
QRC 12 36 285
QRC 7 18 1000
QRC 4 16 1000
QRC 10 16 1000
QRC 12 37 159
QRC 5 19 1000
QRC 1 19 628
QRC 12 38 145
QRC 13 20 1000
QRC 3 18 640
QRC 12 39 197
QRC 0 21 551
QRC 8 20 1000
QRC 12 40 152
QRC 9 19 1000
QRC 12 41 166
QRC 6 23 1000
QRC 1 20 607
QRC 3 19 435
QRC 2 17 1000
QRC 11 24 1000
QRC 12 42 135
QRC 7 19 1000
QRC 4 17 1000
QRC 12 43 163
QRC 10 17 1000
QRC 5 20 1000
QRC 13 21 1000
QRC 12 44 152
QRC 5 21 205
QRC 12 45 151
QRC 8 21 1000
QRC 11 25 569
QRC 0 22 1000
QRC 12 46 153
QRC 9 20 1000
QRC 6 24 1000
QRC 13 22 631
QRC 12 47 233
QRC 7 20 1000
QRC 1 21 1000
QRC 3 20 1000
QRC 2 18 1000
QRC 12 48 147
QRC 11 26 506
QRC 4 18 1000
QRC 10 18 1000
QRC 12 49 165
QRC 11 27 178
QRC 5 22 1000
QRC 11 28 127
QRC 12 50 211
QRC 8 22 1000
QRC 12 51 152
QRC 0 23 1000
QRC 9 21 1000
QRC 6 25 1000
QRC 12 52 159
QRC 13 23 1000
QRC 7 21 1000
QRC 1 22 1000
QRC 6 26 229
QRC 3 21 1000
QRC 12 53 219
QRC 0 24 392
QRC 2 19 1000
QRC 12 54 152
QRC 4 19 1000
QRC 10 19 1000
QRC 6 27 288
QRC 5 23 1000
QRC 3 22 294
QRC 11 29 838
QRC 12 55 150
QRC 8 23 1000
QRC 11 30 239
QRC 12 56 227
QRC 9 22 1000
QRC 12 57 150
QRC 13 24 1000
QRC 3 23 453
QRC 0 25 726
QRC 7 22 1000
QRC 12 58 170
QRC 1 23 1000
QRC 3 24 282
QRC 2 20 1000
QRC 12 59 203
QRC 11 31 539
QRC 6 28 1000
QRC 0 26 387
QRC 5 24 1000
QRC 4 20 1000
QRC 12 60 151
QRC 10 20 1000
QRC 8 24 1000
QRC 12 61 155
QRC 11 32 357
QRC 9 23 1000
QRC 12 62 168
QRC 1 24 616
QRC 13 25 1000
QRC 12 63 151
QRC 7 23 1000
QRC 12 64 122
QRC 0 27 690
QRC 1 25 323
QRC 11 33 528
QRC 12 65 162
QRC 3 25 1000
QRC 6 29 1000
QRC 2 21 1000
QRC 5 25 1000
QRC 0 28 315
QRC 12 66 160
QRC 4 21 1000
QRC 8 25 1000
QRC 13 26 700
QRC 10 21 1000
QRC 1 26 363
QRC 12 67 156
QRC 3 26 335
QRC 9 24 1000
QRC 1 27 152
QRC 12 68 152
QRC 12 69 156
QRC 6 30 620
QRC 7 24 1000
QRC 3 27 294
QRC 11 34 765
QRC 12 70 151
QRC 11 35 157
QRC 12 71 149
QRC 3 28 279
QRC 5 26 1000
QRC 11 36 153
QRC 2 22 1000
QRC 13 27 888
QRC 12 72 153
QRC 6 31 514
QRC 8 26 1000
QRC 0 29 1000
QRC 11 37 155
QRC 4 22 1000
QRC 10 22 945
QRC 3 29 271
QRC 12 73 171
QRC 1 28 881
QRC 9 25 1000
QRC 11 38 151
QRC 7 25 870
QRC 12 74 155
QRC 6 32 359
QRC 3 30 200
QRC 12 75 146
QRC 11 39 248
QRC 1 29 295
QRC 10 23 448
QRC 12 76 143
QRC 3 31 371
QRC 12 77 148
QRC 5 27 1000
QRC 6 33 541
QRC 13 28 1000
QRC 12 78 151
QRC 3 32 226
QRC 2 23 1000
QRC 8 27 1000
QRC 0 30 1000
QRC 12 79 151
QRC 4 23 1000
QRC 10 24 537
QRC 1 30 638
QRC 11 40 661
QRC 9 26 1000
QRC 6 34 390
QRC 12 80 144
QRC 7 26 1000
QRC 1 31 217
QRC 12 81 151
QRC 10 25 270
QRC 6 35 223
QRC 11 41 270
QRC 12 82 146
QRC 1 32 309
QRC 6 36 290
QRC 11 42 299
QRC 12 83 223
QRC 5 28 1000
QRC 13 29 1000
QRC 12 84 151
QRC 8 28 1000
QRC 3 33 1000
QRC 2 24 1000
QRC 11 43 237
QRC 10 26 693
QRC 0 31 1000
QRC 6 37 410
QRC 12 85 191
QRC 1 33 421
QRC 9 27 1000
QRC 4 24 1000
QRC 12 86 107
QRC 7 27 1000
QRC 12 87 110
QRC 1 34 219
QRC 6 38 307
QRC 3 34 511
QRC 12 88 142
QRC 1 35 171
QRC 12 89 140
QRC 1 36 105
QRC 3 35 150
QRC 10 27 543
QRC 12 90 107
QRC 5 29 1000
QRC 11 44 758
QRC 0 32 664
QRC 1 37 161
QRC 6 39 400
QRC 13 30 1000
QRC 12 91 154
QRC 11 45 129
QRC 3 36 276
QRC 8 29 1000
QRC 1 38 150
QRC 7 28 730
QRC 2 25 1000
QRC 10 28 337
QRC 12 92 147
QRC 6 40 226
QRC 9 28 1000
QRC 3 37 236
QRC 4 25 1000
QRC 12 93 141
QRC 1 39 245
QRC 7 29 374
QRC 12 94 169
QRC 11 46 446
QRC 2 26 457
QRC 6 41 473
QRC 13 31 674
QRC 1 40 329
QRC 11 47 190
QRC 12 95 214
QRC 11 48 122
QRC 12 96 118
QRC 5 30 1000
QRC 1 41 205
QRC 3 38 598
QRC 0 33 999
QRC 11 49 114
QRC 8 30 1000
QRC 12 97 233
QRC 10 29 1000
QRC 11 50 215
QRC 9 29 1000
QRC 3 39 327
QRC 0 34 315
QRC 4 26 1000
QRC 12 98 261
QRC 6 42 776
QRC 11 51 198
QRC 10 30 229
QRC 7 30 1000
QRC 12 99 152
Finished run 12 for QRC
QRC 1 42 629
QRC 3 40 330
QRC 13 32 995
QRC 2 27 1000
QRC 11 52 273
QRC 6 43 442
QRC 11 53 126
QRC 10 31 401
QRC 3 41 228
QRC 5 31 1000
QRC 13 33 287
QRC 11 54 145
QRC 8 31 1000
QRC 1 43 463
QRC 0 35 703
QRC 6 44 331
QRC 11 55 136
QRC 3 42 261
QRC 9 30 1000
QRC 13 34 327
QRC 11 56 128
QRC 3 43 150
QRC 1 44 337
QRC 11 57 144
QRC 7 31 1000
QRC 4 27 1000
QRC 3 44 218
QRC 6 45 418
QRC 11 58 155
QRC 13 35 391
QRC 6 46 160
QRC 2 28 1000
QRC 11 59 173
QRC 5 32 1000
QRC 10 32 1000
QRC 11 60 121
QRC 13 36 342
QRC 8 32 1000
QRC 11 61 118
QRC 3 45 469
QRC 0 36 1000
QRC 10 33 224
QRC 2 29 403
QRC 9 31 1000
QRC 11 62 142
QRC 3 46 138
QRC 11 63 114
QRC 3 47 146
QRC 7 32 1000
QRC 10 34 235
QRC 11 64 114
QRC 1 45 997
QRC 4 28 1000
QRC 3 48 152
QRC 10 35 121
QRC 0 37 425
QRC 11 65 153
QRC 6 47 1000
QRC 3 49 135
QRC 11 66 130
QRC 5 33 1000
QRC 10 36 228
QRC 8 33 845
QRC 1 46 297
QRC 3 50 167
QRC 13 37 1000
QRC 6 48 260
QRC 11 67 160
QRC 2 30 807
QRC 3 51 167
QRC 10 37 235
QRC 11 68 149
QRC 9 32 1000
QRC 3 52 162
QRC 11 69 160
QRC 7 33 1000
QRC 10 38 346
QRC 11 70 156
QRC 3 53 272
QRC 6 49 625
QRC 4 29 1000
QRC 13 38 743
QRC 11 71 175
QRC 6 50 151
QRC 0 38 1000
QRC 3 54 166
QRC 10 39 307
QRC 5 34 1000
QRC 8 34 1000
QRC 11 72 144
QRC 1 47 934
QRC 6 51 185
QRC 3 55 169
QRC 11 73 127
QRC 10 40 225
QRC 3 56 116
QRC 11 74 151
QRC 9 33 1000
QRC 13 39 536
QRC 2 31 1000
QRC 6 52 326
QRC 10 41 175
QRC 3 57 181
QRC 11 75 175
QRC 10 42 92
QRC 6 53 160
QRC 7 34 1000
QRC 3 58 183
QRC 10 43 142
QRC 0 39 723
QRC 11 76 157
QRC 6 54 165
QRC 1 48 661
QRC 10 44 158
QRC 11 77 156
QRC 4 30 1000
QRC 6 55 170
QRC 3 59 261
QRC 1 49 161
QRC 8 35 1000
QRC 5 35 1000
QRC 11 78 158
QRC 10 45 193
QRC 1 50 116
QRC 13 40 764
QRC 3 60 181
QRC 11 79 142
QRC 6 56 328
QRC 10 46 150
QRC 1 51 167
QRC 3 61 166
QRC 11 80 145
QRC 9 34 1000
QRC 10 47 154
QRC 1 52 144
QRC 6 57 207
QRC 2 32 1000
QRC 13 41 404
QRC 11 81 139
QRC 3 62 205
QRC 7 35 1000
QRC 10 48 151
QRC 1 53 163
QRC 6 58 239
QRC 11 82 162
QRC 3 63 169
QRC 0 40 1000
QRC 13 42 280
QRC 3 64 142
QRC 6 59 218
QRC 10 49 297
QRC 8 36 1000
QRC 5 36 1000
QRC 4 31 1000
QRC 6 60 133
QRC 11 83 316
QRC 3 65 175
QRC 1 54 422
QRC 10 50 195
QRC 6 61 154
QRC 11 84 151
QRC 1 55 164
QRC 3 66 171
QRC 6 62 155
QRC 9 35 1000
QRC 13 43 590
QRC 1 56 138
QRC 3 67 167
QRC 6 63 130
QRC 11 85 248
QRC 7 36 1000
QRC 1 57 140
QRC 2 33 1000
QRC 6 64 154
QRC 3 68 153
QRC 13 44 361
QRC 1 58 152
QRC 10 51 577
QRC 6 65 172
QRC 11 86 248
QRC 3 69 149
QRC 0 41 1000
QRC 6 66 157
QRC 5 37 1000
QRC 8 37 1000
QRC 3 70 144
QRC 13 45 217
QRC 11 87 166
QRC 10 52 229
QRC 6 67 144
QRC 4 32 1000
QRC 3 71 173
QRC 11 88 221
QRC 6 68 146
QRC 10 53 260
QRC 3 72 175
QRC 11 89 114
QRC 9 36 1000
QRC 1 59 594
QRC 6 69 150
QRC 2 34 772
QRC 13 46 467
QRC 11 90 106
QRC 10 54 159
QRC 3 73 154
QRC 6 70 140
QRC 1 60 162
QRC 7 37 1000
QRC 11 91 112
QRC 10 55 157
QRC 13 47 219
QRC 3 74 154
QRC 11 92 115
QRC 1 61 161
QRC 0 42 781
QRC 6 71 214
QRC 10 56 137
QRC 1 62 89
QRC 3 75 146
QRC 2 35 430
QRC 13 48 217
QRC 11 93 182
QRC 6 72 160
QRC 5 38 1000
QRC 1 63 174
QRC 8 38 1000
QRC 3 76 161
QRC 10 57 229
QRC 11 94 128
QRC 2 36 160
QRC 6 73 155
QRC 1 64 96
QRC 3 77 159
QRC 4 33 1000
QRC 6 74 152
QRC 10 58 171
QRC 1 65 154
QRC 11 95 243
QRC 3 78 148
QRC 9 37 1000
QRC 6 75 154
QRC 1 66 119
QRC 10 59 160
QRC 11 96 109
QRC 2 37 370
QRC 4 34 264
QRC 13 49 642
QRC 6 76 152
QRC 3 79 195
QRC 10 60 152
QRC 7 38 1000
QRC 11 97 136
QRC 1 67 177
QRC 2 38 124
QRC 13 50 162
QRC 6 77 147
QRC 1 68 159
QRC 3 80 201
QRC 10 61 187
QRC 13 51 126
QRC 11 98 221
QRC 0 43 1000
QRC 6 78 154
QRC 13 52 134
QRC 1 69 169
QRC 2 39 331
QRC 5 39 1000
QRC 8 39 1000
QRC 11 99 155
Finished run 11 for QRC
QRC 6 79 147
QRC 10 62 219
QRC 13 53 105
QRC 1 70 149
QRC 13 54 112
QRC 10 63 170
QRC 2 40 280
QRC 1 71 156
QRC 3 81 469
QRC 13 55 109
QRC 6 80 281
QRC 10 64 134
QRC 9 38 979
QRC 2 41 147
QRC 1 72 143
QRC 13 56 150
QRC 10 65 106
QRC 3 82 245
QRC 6 81 237
QRC 13 57 105
QRC 10 66 91
QRC 4 35 1000
QRC 7 39 1000
QRC 1 73 160
QRC 0 44 755
QRC 2 42 242
QRC 8 40 688
QRC 13 58 141
QRC 6 82 148
QRC 10 67 174
QRC 1 74 148
QRC 13 59 120
QRC 6 83 146
QRC 2 43 162
QRC 10 68 153
QRC 1 75 143
QRC 0 45 290
QRC 13 60 150
QRC 5 40 1000
QRC 6 84 210
QRC 2 44 183
QRC 10 69 159
QRC 1 76 159
QRC 13 61 166
QRC 3 83 585
QRC 6 85 148
QRC 1 77 137
QRC 10 70 144
QRC 2 45 186
QRC 13 62 164
QRC 6 86 148
QRC 9 39 1000
QRC 0 46 365
QRC 3 84 179
QRC 1 78 149
QRC 10 71 152
QRC 2 46 171
QRC 13 63 159
QRC 6 87 140
QRC 13 64 97
QRC 7 40 1000
QRC 1 79 169
QRC 10 72 159
QRC 3 85 201
QRC 6 88 144
QRC 2 47 187
QRC 4 36 1000
QRC 8 41 1000
QRC 13 65 121
QRC 1 80 140
QRC 3 86 120
QRC 10 73 146
QRC 6 89 149
QRC 13 66 137
QRC 2 48 177
QRC 3 87 117
QRC 1 81 154
QRC 10 74 153
QRC 6 90 136
QRC 5 41 1000
QRC 13 67 180
QRC 3 88 106
QRC 1 82 115
QRC 2 49 178
QRC 6 91 142
QRC 10 75 153
QRC 3 89 145
QRC 13 68 197
QRC 1 83 150
QRC 2 50 151
QRC 10 76 119
QRC 6 92 163
QRC 3 90 173
QRC 13 69 165
QRC 1 84 164
QRC 9 40 1000
QRC 2 51 148
QRC 10 77 170
QRC 3 91 122
QRC 0 47 1000
QRC 6 93 238
QRC 13 70 145
QRC 2 52 146
QRC 7 41 1000
QRC 1 85 189
QRC 10 78 170
QRC 3 92 130
QRC 6 94 144
QRC 13 71 148
QRC 8 42 1000
QRC 2 53 168
QRC 1 86 149
QRC 10 79 141
QRC 6 95 146
QRC 4 37 1000
QRC 13 72 136
QRC 3 93 180
QRC 1 87 100
QRC 2 54 156
QRC 13 73 132
QRC 10 80 171
QRC 5 42 1000
QRC 6 96 210
QRC 3 94 178
QRC 1 88 145
QRC 10 81 96
QRC 13 74 170
QRC 2 55 176
QRC 3 95 109
QRC 6 97 184
QRC 1 89 160
QRC 13 75 120
QRC 10 82 167
QRC 2 56 147
QRC 6 98 150
QRC 3 96 172
QRC 13 76 133
QRC 9 41 1000
QRC 1 90 168
QRC 2 57 154
QRC 10 83 143
QRC 3 97 183
QRC 6 99 228
Finished run 6 for QRC
QRC 1 91 151
QRC 2 58 149
QRC 7 42 1000
QRC 10 84 163
QRC 0 48 1000
QRC 8 43 953
QRC 3 98 158
QRC 1 92 152
QRC 10 85 154
QRC 2 59 168
QRC 1 93 117
QRC 4 38 1000
QRC 10 86 147
QRC 3 99 183
Finished run 3 for QRC
QRC 2 60 161
QRC 13 77 572
QRC 5 43 1000
QRC 1 94 148
QRC 10 87 175
QRC 2 61 186
QRC 1 95 218
QRC 10 88 150
QRC 13 78 308
QRC 2 62 231
QRC 10 89 131
QRC 9 42 1000
QRC 1 96 220
QRC 10 90 137
QRC 7 43 1000
QRC 8 44 1000
QRC 1 97 172
QRC 10 91 85
QRC 2 63 230
QRC 0 49 1000
QRC 13 79 510
QRC 1 98 138
QRC 10 92 134
QRC 10 93 112
QRC 2 64 265
QRC 4 39 1000
QRC 5 44 1000
QRC 13 80 301
QRC 1 99 233
Finished run 1 for QRC
QRC 10 94 161
QRC 2 65 160
QRC 13 81 168
QRC 10 95 147
QRC 2 66 143
QRC 13 82 162
QRC 10 96 130
QRC 9 43 1000
QRC 10 97 155
QRC 7 44 1000
QRC 13 83 219
QRC 8 45 1000
QRC 2 67 348
QRC 10 98 125
QRC 13 84 151
QRC 0 50 1000
QRC 2 68 135
QRC 10 99 174
Finished run 10 for QRC
QRC 13 85 177
QRC 2 69 137
QRC 5 45 1000
QRC 4 40 1000
QRC 2 70 214
QRC 13 86 252
QRC 5 46 220
QRC 9 44 1000
QRC 0 51 689
QRC 13 87 327
QRC 2 71 420
QRC 7 45 1000
QRC 13 88 146
QRC 8 46 1000
QRC 0 52 227
QRC 13 89 93
QRC 2 72 177
QRC 13 90 206
QRC 0 53 221
QRC 2 73 214
QRC 5 47 812
QRC 4 41 1000
QRC 13 91 131
QRC 2 74 151
QRC 13 92 107
QRC 2 75 149
QRC 13 93 136
QRC 9 45 1000
QRC 0 54 406
QRC 2 76 149
QRC 13 94 178
QRC 7 46 1000
QRC 0 55 131
QRC 2 77 128
QRC 8 47 1000
QRC 13 95 150
QRC 2 78 154
QRC 0 56 321
QRC 2 79 141
QRC 13 96 263
QRC 5 48 1000
QRC 0 57 147
QRC 2 80 144
QRC 4 42 1000
QRC 2 81 151
QRC 9 46 1000
QRC 2 82 142
QRC 13 97 515
QRC 2 83 140
QRC 7 47 1000
QRC 13 98 182
QRC 8 48 1000
QRC 2 84 142
QRC 2 85 147
QRC 13 99 230
Finished run 13 for QRC
QRC 2 86 146
QRC 5 49 1000
QRC 0 58 1000
QRC 2 87 143
QRC 4 43 1000
QRC 0 59 157
QRC 2 88 147
QRC 9 47 1000
QRC 2 89 146
QRC 7 48 1000
QRC 2 90 141
QRC 8 49 1000
QRC 2 91 111
QRC 2 92 146
QRC 0 60 680
QRC 5 50 1000
QRC 2 93 239
QRC 4 44 1000
QRC 9 48 1000
QRC 2 94 212
QRC 5 51 429
QRC 7 49 1000
QRC 8 50 1000
QRC 2 95 243
QRC 2 96 181
QRC 5 52 476
QRC 2 97 161
QRC 0 61 969
QRC 2 98 217
QRC 4 45 1000
QRC 9 49 1000
QRC 2 99 148
Finished run 2 for QRC
QRC 8 51 1000
QRC 7 50 1000
QRC 0 62 547
QRC 5 53 840
QRC 0 63 257
QRC 0 64 153
QRC 9 50 1000
QRC 4 46 1000
QRC 8 52 1000
QRC 7 51 1000
QRC 5 54 1000
QRC 4 47 545
QRC 0 65 1000
QRC 9 51 1000
QRC 5 55 904
QRC 8 53 1000
QRC 7 52 1000
QRC 0 66 723
QRC 4 48 1000
QRC 5 56 463
QRC 9 52 1000
QRC 7 53 1000
QRC 8 54 1000
QRC 0 67 786
QRC 5 57 673
QRC 4 49 1000
QRC 9 53 1000
QRC 0 68 726
QRC 5 58 797
QRC 7 54 1000
QRC 8 55 1000
QRC 5 59 363
QRC 4 50 1000
QRC 7 55 537
QRC 0 69 773
QRC 9 54 1000
QRC 7 56 284
QRC 8 56 1000
QRC 0 70 412
QRC 5 60 948
QRC 4 51 1000
QRC 5 61 430
QRC 0 71 475
QRC 9 55 1000
QRC 7 57 1000
QRC 5 62 390
QRC 8 57 1000
QRC 9 56 492
QRC 5 63 432
QRC 4 52 1000
QRC 0 72 1000
QRC 0 73 91
QRC 7 58 955
QRC 8 58 1000
QRC 9 57 1000
QRC 7 59 466
QRC 5 64 1000
QRC 4 53 1000
QRC 9 58 498
QRC 0 74 760
QRC 5 65 253
QRC 7 60 505
QRC 7 61 314
QRC 8 59 1000
QRC 5 66 565
QRC 7 62 407
QRC 4 54 1000
QRC 0 75 1000
QRC 9 59 1000
QRC 5 67 551
QRC 0 76 380
QRC 8 60 1000
QRC 0 77 212
QRC 7 63 778
QRC 5 68 432
QRC 4 55 1000
QRC 9 60 1000
QRC 0 78 486
QRC 8 61 713
QRC 7 64 746
QRC 5 69 640
QRC 0 79 244
QRC 0 80 260
QRC 7 65 490
QRC 8 62 575
QRC 4 56 1000
QRC 9 61 1000
QRC 7 66 393
QRC 5 70 1000
QRC 8 63 477
QRC 4 57 545
QRC 0 81 1000
QRC 5 71 555
QRC 9 62 1000
QRC 8 64 807
QRC 7 67 1000
QRC 5 72 309
QRC 5 73 244
QRC 8 65 527
QRC 5 74 243
QRC 7 68 586
QRC 0 82 1000
QRC 4 58 1000
QRC 5 75 136
QRC 8 66 278
QRC 0 83 257
QRC 9 63 1000
QRC 5 76 530
QRC 7 69 637
QRC 8 67 466
QRC 5 77 164
QRC 8 68 214
QRC 5 78 118
QRC 7 70 403
QRC 5 79 156
QRC 4 59 1000
QRC 8 69 435
QRC 5 80 188
QRC 9 64 1000
QRC 0 84 1000
QRC 5 81 154
QRC 5 82 156
QRC 7 71 544
QRC 5 83 149
QRC 8 70 576
QRC 0 85 411
QRC 5 84 166
QRC 7 72 359
QRC 5 85 118
QRC 0 86 291
QRC 4 60 1000
QRC 5 86 161
QRC 7 73 245
QRC 9 65 888
QRC 5 87 115
QRC 8 71 543
QRC 5 88 194
QRC 8 72 179
QRC 9 66 299
QRC 0 87 471
QRC 5 89 201
QRC 8 73 250
QRC 5 90 175
QRC 0 88 390
QRC 5 91 147
QRC 7 74 757
QRC 7 75 87
QRC 9 67 549
QRC 4 61 1000
QRC 7 76 145
QRC 8 74 523
QRC 5 92 383
QRC 7 77 306
QRC 8 75 378
QRC 0 89 756
QRC 5 93 407
QRC 8 76 161
QRC 5 94 135
QRC 8 77 159
QRC 7 78 549
QRC 5 95 161
QRC 9 68 1000
QRC 8 78 162
QRC 4 62 1000
QRC 5 96 238
QRC 7 79 295
QRC 8 79 294
QRC 5 97 119
QRC 8 80 132
QRC 5 98 179
QRC 5 99 151
Finished run 5 for QRC
QRC 0 90 1000
QRC 8 81 244
QRC 7 80 602
QRC 8 82 241
QRC 7 81 176
QRC 9 69 1000
QRC 8 83 178
QRC 4 63 1000
QRC 7 82 229
QRC 8 84 215
QRC 7 83 149
QRC 8 85 197
QRC 7 84 231
QRC 8 86 170
QRC 0 91 1000
QRC 7 85 156
QRC 8 87 152
QRC 7 86 135
QRC 9 70 941
QRC 8 88 191
QRC 7 87 180
QRC 4 64 1000
QRC 8 89 173
QRC 7 88 160
QRC 7 89 102
QRC 8 90 167
QRC 0 92 669
QRC 7 90 172
QRC 8 91 268
QRC 0 93 261
QRC 7 91 205
QRC 9 71 813
QRC 8 92 152
QRC 4 65 628
QRC 0 94 125
QRC 7 92 123
QRC 8 93 153
QRC 9 72 221
QRC 7 93 176
QRC 8 94 165
QRC 0 95 327
QRC 7 94 134
QRC 4 66 449
QRC 8 95 152
QRC 7 95 128
QRC 7 96 105
QRC 8 96 161
QRC 9 73 435
QRC 7 97 142
QRC 0 96 375
QRC 9 74 176
QRC 8 97 216
QRC 7 98 112
QRC 8 98 178
QRC 0 97 237
QRC 7 99 158
Finished run 7 for QRC
QRC 9 75 283
QRC 8 99 187
Finished run 8 for QRC
QRC 9 76 158
QRC 4 67 941
QRC 9 77 285
QRC 9 78 165
QRC 9 79 287
QRC 0 98 997
QRC 4 68 658
QRC 9 80 235
QRC 9 81 164
QRC 0 99 398
Finished run 0 for QRC
QRC 4 69 444
QRC 9 82 402
QRC 9 83 165
QRC 9 84 266
QRC 4 70 754
QRC 9 85 305
QRC 9 86 243
QRC 4 71 474
QRC 9 87 333
QRC 4 72 610
QRC 9 88 268
QRC 9 89 103
QRC 4 73 571
QRC 9 90 232
QRC 4 74 290
QRC 9 91 158
QRC 9 92 177
QRC 9 93 235
QRC 9 94 105
QRC 9 95 151
QRC 4 75 807
QRC 9 96 181
QRC 9 97 157
QRC 9 98 98
QRC 4 76 457
QRC 9 99 264
Finished run 9 for QRC
QRC 4 77 338
QRC 4 78 1000
QRC 4 79 483
QRC 4 80 168
QRC 4 81 408
QRC 4 82 194
QRC 4 83 199
QRC 4 84 255
QRC 4 85 247
QRC 4 86 131
QRC 4 87 145
QRC 4 88 150
QRC 4 89 280
QRC 4 90 143
QRC 4 91 142
QRC 4 92 137
QRC 4 93 370
QRC 4 94 242
QRC 4 95 141
QRC 4 96 144
QRC 4 97 164
QRC 4 98 161
QRC 4 99 277
Finished run 4 for QRC
QC 9 0 172
QC 1 0 1000
QC 0 0 1000
QC 2 0 1000
QC 8 0 1000
QC 10 0 1000
QC 3 0 1000
QC 13 0 1000
QC 6 0 1000
QC 5 0 1000
QC 4 0 1000
QC 11 0 1000
QC 12 0 1000
QC 7 0 1000
QC 9 1 1000
QC 1 1 1000
QC 0 1 1000
QC 2 1 1000
QC 8 1 1000
QC 10 1 1000
QC 13 1 1000
QC 6 1 1000
QC 3 1 1000
QC 5 1 1000
QC 11 1 1000
QC 12 1 1000
QC 4 1 1000
QC 7 1 1000
QC 9 2 997
QC 9 3 289
QC 1 2 1000
QC 0 2 1000
QC 2 2 1000
QC 10 2 1000
QC 8 2 1000
QC 11 2 1000
QC 5 2 1000
QC 6 2 1000
QC 13 2 1000
QC 7 2 1000
QC 12 2 1000
QC 3 2 1000
QC 4 2 1000
QC 9 4 1000
QC 1 3 1000
QC 8 3 1000
QC 2 3 1000
QC 0 3 1000
QC 10 3 1000
QC 11 3 1000
QC 12 3 1000
QC 6 3 1000
QC 13 3 1000
QC 5 3 1000
QC 7 3 1000
QC 4 3 1000
QC 3 3 1000
QC 9 5 1000
QC 8 4 1000
QC 1 4 1000
QC 2 4 1000
QC 0 4 1000
QC 11 4 1000
QC 10 4 1000
QC 7 4 1000
QC 6 4 1000
QC 13 4 1000
QC 5 4 1000
QC 12 4 1000
QC 3 4 1000
QC 4 4 1000
QC 9 6 1000
QC 8 5 1000
QC 3 5 837
QC 1 5 1000
QC 2 5 1000
QC 11 5 1000
QC 0 5 1000
QC 10 5 1000
QC 13 5 1000
QC 7 5 1000
QC 6 5 1000
QC 5 5 1000
QC 12 5 1000
QC 4 5 1000
QC 9 7 1000
QC 3 6 697
QC 8 6 1000
QC 1 6 1000
QC 2 6 1000
QC 11 6 1000
QC 13 6 1000
QC 0 6 1000
QC 10 6 1000
QC 7 6 1000
QC 5 6 1000
QC 6 6 1000
QC 12 6 1000
QC 4 6 1000
QC 3 7 582
QC 11 7 273
QC 3 8 234
QC 9 8 1000
QC 3 9 120
QC 11 8 477
QC 8 7 1000
QC 3 10 365
QC 1 7 1000
QC 13 7 1000
QC 2 7 1000
QC 0 7 1000
QC 10 7 1000
QC 7 7 1000
QC 5 7 1000
QC 6 7 1000
QC 12 7 1000
QC 11 9 342
QC 4 7 1000
QC 3 11 318
QC 9 9 1000
QC 7 8 509
QC 11 10 511
QC 2 8 629
QC 8 8 1000
QC 13 8 1000
QC 1 8 1000
QC 10 8 1000
QC 5 8 1000
QC 0 8 1000
QC 6 8 1000
QC 12 8 1000
QC 4 8 1000
QC 3 12 1000
QC 9 10 1000
QC 11 11 880
QC 7 9 1000
QC 2 9 1000
QC 8 9 1000
QC 13 9 1000
QC 1 9 1000
QC 10 9 1000
QC 0 9 1000
QC 5 9 1000
QC 12 9 1000
QC 6 9 1000
QC 4 9 1000
QC 3 13 1000
QC 11 12 1000
QC 9 11 1000
QC 5 10 444
QC 7 10 1000
QC 2 10 1000
QC 8 10 1000
QC 13 10 1000
QC 1 10 1000
QC 10 10 1000
QC 11 13 546
QC 0 10 1000
QC 5 11 566
QC 12 10 1000
QC 6 10 1000
QC 4 10 1000
QC 3 14 1000
QC 11 14 254
QC 9 12 1000
QC 2 11 854
QC 11 15 223
QC 7 11 1000
QC 11 16 317
QC 8 11 1000
QC 13 11 1000
QC 1 11 1000
QC 10 11 1000
QC 11 17 211
QC 0 11 1000
QC 12 11 1000
QC 5 12 1000
QC 6 11 1000
QC 4 11 1000
QC 2 12 638
QC 3 15 1000
QC 11 18 356
QC 9 13 1000
QC 7 12 1000
QC 2 13 428
QC 11 19 211
QC 13 12 1000
QC 8 12 1000
QC 11 20 315
QC 1 12 1000
QC 10 12 1000
QC 0 12 1000
QC 12 12 1000
QC 5 13 1000
QC 6 12 1000
QC 4 12 1000
QC 11 21 229
QC 3 16 1000
QC 9 14 1000
QC 7 13 1000
QC 2 14 1000
QC 10 13 621
QC 11 22 572
QC 13 13 1000
QC 8 13 1000
QC 5 14 777
QC 1 13 1000
QC 11 23 297
QC 12 13 1000
QC 0 13 1000
QC 6 13 1000
QC 4 13 1000
QC 3 17 1000
QC 5 15 443
QC 2 15 880
QC 9 15 1000
QC 5 16 169
QC 7 14 1000
QC 10 14 1000
QC 11 24 672
QC 13 14 1000
QC 8 14 1000
QC 1 14 1000
QC 12 14 1000
QC 0 14 1000
QC 6 14 1000
QC 4 14 1000
QC 11 25 556
QC 13 15 398
QC 3 18 1000
QC 2 16 1000
QC 9 16 1000
QC 5 17 1000
QC 7 15 1000
QC 10 15 1000
QC 11 26 596
QC 8 15 1000
QC 1 15 1000
QC 13 16 734
QC 2 17 564
QC 12 15 1000
QC 0 15 1000
QC 11 27 268
QC 6 15 1000
QC 4 15 1000
QC 3 19 1000
QC 9 17 1000
QC 5 18 1000
QC 11 28 451
QC 7 16 1000
QC 10 16 1000
QC 4 16 526
QC 2 18 724
QC 11 29 302
QC 8 16 1000
QC 13 17 957
QC 1 16 1000
QC 12 16 1000
QC 0 16 1000
QC 2 19 350
QC 6 16 1000
QC 4 17 568
QC 3 20 1000
QC 13 18 436
QC 9 18 1000
QC 5 19 1000
QC 2 20 452
QC 4 18 331
QC 7 17 1000
QC 10 17 1000
QC 11 30 865
QC 8 17 1000
QC 3 21 601
QC 1 17 1000
QC 4 19 417
QC 11 31 315
QC 12 17 1000
QC 0 17 1000
QC 6 17 1000
QC 5 20 703
QC 4 20 242
QC 11 32 216
QC 2 21 700
QC 13 19 1000
QC 9 19 1000
QC 4 21 328
QC 7 18 1000
QC 10 18 1000
QC 11 33 389
QC 2 22 420
QC 2 23 115
QC 11 34 207
QC 4 22 268
QC 8 18 1000
QC 3 22 1000
QC 1 18 1000
QC 12 18 1000
QC 4 23 192
QC 0 18 1000
QC 6 18 1000
QC 13 20 853
QC 5 21 1000
QC 9 20 1000
QC 12 19 480
QC 7 19 1000
QC 10 19 1000
QC 2 24 1000
QC 11 35 1000
QC 8 19 1000
QC 1 19 1000
QC 3 23 1000
QC 4 24 1000
QC 0 19 1000
QC 6 19 1000
QC 13 21 1000
QC 5 22 1000
QC 4 25 258
QC 9 21 1000
QC 11 36 665
QC 12 20 1000
QC 4 26 257
QC 7 20 1000
QC 10 20 1000
QC 4 27 161
QC 2 25 1000
QC 8 20 1000
QC 11 37 370
QC 1 20 1000
QC 3 24 1000
QC 0 20 1000
QC 4 28 381
QC 6 20 1000
QC 13 22 1000
QC 5 23 1000
QC 11 38 379
QC 4 29 138
QC 11 39 151
QC 4 30 182
QC 9 22 1000
QC 12 21 1000
QC 7 21 1000
QC 10 21 1000
QC 4 31 209
QC 2 26 1000
QC 8 21 1000
QC 1 21 1000
QC 4 32 296
QC 3 25 1000
QC 0 21 1000
QC 13 23 882
QC 6 21 1000
QC 11 40 789
QC 4 33 287
QC 5 24 1000
QC 4 34 154
QC 9 23 1000
QC 12 22 1000
QC 10 22 1000
QC 7 22 1000
QC 4 35 273
QC 11 41 624
QC 4 36 142
QC 2 27 1000
QC 8 22 1000
QC 1 22 1000
QC 4 37 159
QC 3 26 1000
QC 0 22 1000
QC 13 24 1000
QC 4 38 144
QC 6 22 1000
QC 11 42 344
QC 5 25 1000
QC 4 39 138
QC 4 40 148
QC 9 24 1000
QC 12 23 1000
QC 4 41 153
QC 10 23 1000
QC 7 23 1000
QC 4 42 137
QC 8 23 893
QC 2 28 1000
QC 4 43 140
QC 1 23 1000
QC 11 43 782
QC 3 27 1000
QC 4 44 161
QC 0 23 1000
QC 13 25 1000
QC 6 23 1000
QC 4 45 148
QC 5 26 1000
QC 8 24 598
QC 11 44 426
QC 7 24 738
QC 9 25 1000
QC 4 46 306
QC 12 24 1000
QC 13 26 446
QC 10 24 1000
QC 11 45 363
QC 4 47 218
QC 13 27 305
QC 2 29 1000
QC 4 48 203
QC 1 24 1000
QC 3 28 1000
QC 13 28 200
QC 0 24 1000
QC 6 24 1000
QC 5 27 1000
QC 11 46 568
QC 8 25 1000
QC 7 25 1000
QC 9 26 1000
QC 4 49 547
QC 12 25 1000
QC 10 25 1000
QC 13 29 684
QC 4 50 285
QC 11 47 477
QC 2 30 1000
QC 1 25 1000
QC 3 29 1000
QC 11 48 275
QC 0 25 1000
QC 6 25 1000
QC 4 51 419
QC 9 27 740
QC 2 31 372
QC 11 49 199
QC 5 28 1000
QC 8 26 1000
QC 7 26 1000
QC 11 50 192
QC 12 26 1000
QC 10 26 1000
QC 13 30 1000
QC 11 51 360
QC 2 32 617
QC 1 26 1000
QC 11 52 176
QC 3 30 1000
QC 0 26 1000
QC 11 53 161
QC 6 26 1000
QC 4 52 1000
QC 9 28 1000
QC 5 29 1000
QC 8 27 1000
QC 2 33 470
QC 11 54 192
QC 7 27 1000
QC 11 55 142
QC 12 27 1000
QC 4 53 323
QC 10 27 1000
QC 11 56 143
QC 4 54 185
QC 2 34 391
QC 13 31 1000
QC 11 57 148
QC 1 27 1000
QC 11 58 223
QC 12 28 545
QC 3 31 1000
QC 0 27 1000
QC 8 28 828
QC 2 35 426
QC 6 27 1000
QC 4 55 472
QC 9 29 1000
QC 11 59 218
QC 5 30 1000
QC 4 56 173
QC 7 28 1000
QC 11 60 172
QC 8 29 337
QC 2 36 351
QC 11 61 142
QC 4 57 177
QC 10 28 1000
QC 11 62 156
QC 13 32 1000
QC 4 58 236
QC 11 63 141
QC 4 59 131
QC 1 28 1000
QC 11 64 140
QC 12 29 1000
QC 4 60 118
QC 3 32 1000
QC 0 28 1000
QC 11 65 150
QC 4 61 121
QC 6 28 1000
QC 9 30 1000
QC 5 31 1000
QC 11 66 164
QC 7 29 1000
QC 4 62 217
QC 11 67 140
QC 8 30 1000
QC 2 37 1000
QC 4 63 138
QC 11 68 145
QC 10 29 1000
QC 11 69 143
QC 13 33 1000
QC 4 64 360
QC 11 70 209
QC 1 29 1000
QC 4 65 148
QC 12 30 1000
QC 6 29 861
QC 3 33 1000
QC 0 29 1000
QC 11 71 208
QC 4 66 140
QC 9 31 1000
QC 5 32 1000
QC 11 72 226
QC 7 30 1000
QC 4 67 226
QC 8 31 1000
QC 2 38 1000
QC 4 68 167
QC 10 30 1000
QC 4 69 146
QC 13 34 1000
QC 11 73 548
QC 4 70 186
QC 2 39 407
QC 1 30 1000
QC 12 31 1000
QC 11 74 158
QC 6 30 1000
QC 3 34 1000
QC 0 30 1000
QC 9 32 1000
QC 5 33 1000
QC 4 71 376
QC 11 75 229
QC 2 40 402
QC 7 31 1000
QC 4 72 166
QC 8 32 1000
QC 11 76 235
QC 4 73 141
QC 10 31 1000
QC 8 33 161
QC 11 77 164
QC 13 35 1000
QC 1 31 1000
QC 11 78 323
QC 12 32 1000
QC 6 31 1000
QC 3 35 1000
QC 8 34 452
QC 0 31 1000
QC 9 33 1000
QC 5 34 1000
QC 2 41 1000
QC 7 32 1000
QC 11 79 445
QC 4 74 989
QC 11 80 154
QC 10 32 1000
QC 13 36 1000
QC 8 35 659
QC 4 75 189
QC 11 81 248
QC 1 32 1000
QC 11 82 155
QC 12 33 1000
QC 4 76 257
QC 6 32 1000
QC 3 36 1000
QC 2 42 758
QC 8 36 392
QC 0 32 1000
QC 11 83 145
QC 9 34 1000
QC 5 35 1000
QC 11 84 152
QC 7 33 1000
QC 4 77 392
QC 11 85 159
QC 8 37 424
QC 10 33 1000
QC 11 86 156
QC 4 78 206
QC 13 37 1000
QC 4 79 116
QC 11 87 221
QC 1 33 1000
QC 12 34 1000
QC 4 80 225
QC 11 88 150
QC 6 33 1000
QC 3 37 1000
QC 2 43 1000
QC 4 81 135
QC 0 33 1000
QC 11 89 156
QC 9 35 1000
QC 5 36 1000
QC 4 82 207
QC 11 90 198
QC 7 34 1000
QC 4 83 144
QC 11 91 143
QC 8 38 1000
QC 10 34 1000
QC 4 84 141
QC 11 92 146
QC 9 36 437
QC 13 38 1000
QC 4 85 158
QC 11 93 153
QC 2 44 753
QC 1 34 1000
QC 4 86 139
QC 11 94 156
QC 12 35 1000
QC 6 34 1000
QC 4 87 152
QC 3 38 1000
QC 11 95 149
QC 0 34 1000
QC 4 88 148
QC 11 96 150
QC 5 37 1000
QC 11 97 145
QC 7 35 1000
QC 4 89 242
QC 8 39 1000
QC 11 98 141
QC 2 45 673
QC 10 35 1000
QC 4 90 184
QC 9 37 1000
QC 11 99 140
Finished run 11 for QC
QC 13 39 1000
QC 4 91 246
QC 1 35 1000
QC 12 36 1000
QC 8 40 461
QC 4 92 188
QC 6 35 1000
QC 3 39 1000
QC 0 35 1000
QC 4 93 133
QC 8 41 228
QC 5 38 1000
QC 2 46 787
QC 4 94 197
QC 7 36 1000
QC 4 95 137
QC 2 47 215
QC 8 42 368
QC 10 36 1000
QC 9 38 1000
QC 13 40 1000
QC 4 96 207
QC 1 36 1000
QC 4 97 207
QC 12 37 1000
QC 8 43 424
QC 6 36 1000
QC 3 40 1000
QC 4 98 150
QC 0 36 1000
QC 8 44 170
QC 5 39 1000
QC 8 45 142
QC 4 99 234
Finished run 4 for QC
QC 7 37 1000
QC 2 48 928
QC 8 46 217
QC 10 37 1000
QC 9 39 1000
QC 1 37 732
QC 8 47 147
QC 13 41 1000
QC 8 48 170
QC 2 49 448
QC 7 38 511
QC 12 38 1000
QC 6 37 1000
QC 3 41 1000
QC 0 37 1000
QC 5 40 1000
QC 8 49 569
QC 10 38 1000
QC 9 40 1000
QC 8 50 231
QC 1 38 1000
QC 13 42 1000
QC 8 51 142
QC 2 50 1000
QC 7 39 1000
QC 12 39 1000
QC 8 52 250
QC 6 38 1000
QC 3 42 1000
QC 0 38 1000
QC 8 53 146
QC 5 41 1000
QC 8 54 140
QC 8 55 192
QC 9 41 1000
QC 10 39 1000
QC 1 39 1000
QC 13 43 1000
QC 8 56 185
QC 8 57 202
QC 7 40 1000
QC 2 51 1000
QC 12 40 1000
QC 8 58 180
QC 6 39 1000
QC 3 43 1000
QC 0 39 1000
QC 8 59 177
QC 5 42 1000
QC 8 60 169
QC 2 52 489
QC 8 61 159
QC 2 53 158
QC 9 42 1000
QC 10 40 1000
QC 1 40 1000
QC 13 44 1000
QC 8 62 151
QC 8 63 181
QC 7 41 1000
QC 12 41 1000
QC 8 64 161
QC 6 40 1000
QC 3 44 1000
QC 0 40 1000
QC 8 65 169
QC 5 43 1000
QC 2 54 777
QC 8 66 264
QC 9 43 1000
QC 10 41 1000
QC 1 41 1000
QC 13 45 1000
QC 8 67 205
QC 2 55 359
QC 8 68 201
QC 7 42 1000
QC 12 42 1000
QC 8 69 153
QC 6 41 1000
QC 3 45 1000
QC 0 41 1000
QC 8 70 170
QC 2 56 503
QC 5 44 1000
QC 8 71 186
QC 10 42 1000
QC 9 44 1000
QC 1 42 1000
QC 13 46 1000
QC 12 43 1000
QC 7 43 1000
QC 6 42 1000
QC 0 42 1000
QC 3 46 1000
QC 2 57 1000
QC 5 45 1000
QC 8 72 1000
QC 10 43 1000
QC 9 45 1000
QC 1 43 1000
QC 13 47 1000
QC 8 73 316
QC 2 58 506
QC 12 44 1000
QC 7 44 1000
QC 6 43 1000
QC 0 43 1000
QC 3 47 1000
QC 8 74 485
QC 5 46 1000
QC 10 44 1000
QC 9 46 1000
QC 1 44 1000
QC 13 48 1000
QC 2 59 1000
QC 8 75 573
QC 12 45 1000
QC 7 45 1000
QC 0 44 1000
QC 6 44 1000
QC 3 48 1000
QC 8 76 377
QC 5 47 1000
QC 2 60 582
QC 8 77 332
QC 10 45 1000
QC 9 47 1000
QC 1 45 1000
QC 13 49 1000
QC 8 78 200
QC 7 46 1000
QC 12 46 1000
QC 8 79 253
QC 6 45 1000
QC 0 45 1000
QC 3 49 1000
QC 8 80 252
QC 5 48 1000
QC 2 61 1000
QC 8 81 178
QC 8 82 178
QC 5 49 304
QC 10 46 1000
QC 9 48 1000
QC 1 46 1000
QC 13 50 1000
QC 6 46 625
QC 8 83 170
QC 7 47 1000
QC 8 84 160
QC 12 47 1000
QC 8 85 177
QC 0 46 1000
QC 3 50 1000
QC 8 86 166
QC 2 62 1000
QC 5 50 803
QC 8 87 178
QC 10 47 1000
QC 9 49 1000
QC 8 88 172
QC 1 47 1000
QC 13 51 1000
QC 6 47 1000
QC 8 89 169
QC 7 48 1000
QC 12 48 1000
QC 8 90 232
QC 0 47 1000
QC 3 51 1000
QC 8 91 180
QC 2 63 1000
QC 8 92 172
QC 5 51 1000
QC 8 93 135
QC 10 48 1000
QC 9 50 1000
QC 1 48 1000
QC 13 52 1000
QC 2 64 310
QC 8 94 204
QC 6 48 1000
QC 7 49 1000
QC 12 49 1000
QC 8 95 385
QC 0 48 1000
QC 3 52 1000
QC 5 52 976
QC 6 49 759
QC 8 96 466
QC 10 49 1000
QC 2 65 958
QC 1 49 1000
QC 9 51 1000
QC 13 53 1000
QC 7 50 1000
QC 5 53 499
QC 12 50 1000
QC 6 50 460
QC 8 97 487
QC 0 49 1000
QC 3 53 1000
QC 8 98 217
QC 8 99 268
Finished run 8 for QC
QC 10 50 1000
QC 1 50 1000
QC 9 52 1000
QC 2 66 1000
QC 5 54 787
QC 13 54 1000
QC 6 51 798
QC 7 51 1000
QC 12 51 1000
QC 0 50 1000
QC 5 55 470
QC 3 54 1000
QC 5 56 338
QC 10 51 1000
QC 1 51 1000
QC 9 53 1000
QC 2 67 1000
QC 13 55 1000
QC 6 52 1000
QC 7 52 1000
QC 12 52 1000
QC 0 51 1000
QC 3 55 1000
QC 5 57 1000
QC 10 52 1000
QC 1 52 1000
QC 13 56 1000
QC 9 54 1000
QC 2 68 1000
QC 6 53 1000
QC 7 53 1000
QC 12 53 1000
QC 0 52 1000
QC 6 54 453
QC 3 56 1000
QC 5 58 829
QC 10 53 1000
QC 1 53 1000
QC 13 57 1000
QC 6 55 452
QC 5 59 353
QC 9 55 1000
QC 2 69 1000
QC 7 54 1000
QC 6 56 156
QC 12 54 1000
QC 6 57 270
QC 0 53 1000
QC 3 57 1000
QC 6 58 282
QC 1 54 1000
QC 10 54 1000
QC 13 58 1000
QC 6 59 296
QC 5 60 1000
QC 9 56 1000
QC 2 70 1000
QC 7 55 1000
QC 6 60 199
QC 12 55 1000
QC 6 61 223
QC 0 54 1000
QC 3 58 1000
QC 5 61 828
QC 6 62 452
QC 1 55 1000
QC 10 55 1000
QC 2 71 1000
QC 13 59 1000
QC 9 57 1000
QC 6 63 164
QC 7 56 1000
QC 12 56 1000
QC 6 64 249
QC 5 62 596
QC 0 55 1000
QC 3 59 1000
QC 5 63 298
QC 12 57 524
QC 10 56 1000
QC 1 56 1000
QC 13 60 1000
QC 2 72 1000
QC 9 58 1000
QC 5 64 383
QC 7 57 1000
QC 6 65 1000
QC 0 56 1000
QC 6 66 282
QC 3 60 1000
QC 5 65 509
QC 12 58 1000
QC 10 57 824
QC 6 67 243
QC 1 57 1000
QC 2 73 1000
QC 6 68 161
QC 13 61 1000
QC 9 59 1000
QC 6 69 184
QC 5 66 548
QC 7 58 1000
QC 5 67 229
QC 6 70 256
QC 0 57 1000
QC 3 61 1000
QC 6 71 189
QC 10 58 1000
QC 12 59 1000
QC 6 72 186
QC 1 58 1000
QC 2 74 1000
QC 6 73 179
QC 13 62 1000
QC 5 68 594
QC 9 60 1000
QC 7 59 1000
QC 6 74 292
QC 0 58 1000
QC 6 75 276
QC 10 59 776
QC 3 62 1000
QC 12 60 1000
QC 6 76 251
QC 1 59 1000
QC 2 75 1000
QC 13 63 1000
QC 5 69 1000
QC 6 77 232
QC 9 61 1000
QC 10 60 622
QC 7 60 1000
QC 6 78 288
QC 0 59 1000
QC 6 79 170
QC 5 70 505
QC 3 63 1000
QC 12 61 1000
QC 2 76 811
QC 6 80 334
QC 5 71 402
QC 1 60 1000
QC 13 64 1000
QC 9 62 1000
QC 6 81 269
QC 2 77 340
QC 10 61 1000
QC 7 61 1000
QC 6 82 201
QC 5 72 434
QC 2 78 237
QC 0 60 1000
QC 6 83 179
QC 3 64 1000
QC 6 84 236
QC 12 62 1000
QC 1 61 1000
QC 5 73 592
QC 6 85 226
QC 2 79 588
QC 13 65 1000
QC 9 63 1000
QC 6 86 154
QC 10 62 1000
QC 7 62 1000
QC 6 87 156
QC 6 88 150
QC 0 61 1000
QC 5 74 577
QC 6 89 198
QC 3 65 1000
QC 12 63 1000
QC 6 90 141
QC 6 91 141
QC 1 62 1000
QC 2 80 1000
QC 13 66 1000
QC 9 64 1000
QC 6 92 145
QC 5 75 661
QC 10 63 1000
QC 6 93 141
QC 7 63 1000
QC 0 62 1000
QC 6 94 312
QC 3 66 1000
QC 6 95 146
QC 12 64 1000
QC 6 96 145
QC 1 63 1000
QC 6 97 129
QC 2 81 1000
QC 13 67 1000
QC 9 65 1000
QC 5 76 910
QC 6 98 209
QC 10 64 1000
QC 7 64 1000
QC 6 99 195
Finished run 6 for QC
QC 0 63 1000
QC 3 67 1000
QC 5 77 538
QC 10 65 434
QC 12 65 1000
QC 5 78 315
QC 1 64 1000
QC 2 82 1000
QC 13 68 1000
QC 9 66 1000
QC 7 65 1000
QC 2 83 433
QC 0 64 1000
QC 3 68 1000
QC 5 79 645
QC 10 66 1000
QC 12 66 1000
QC 2 84 483
QC 1 65 1000
QC 13 69 1000
QC 9 67 1000
QC 10 67 579
QC 7 66 1000
QC 5 80 694
QC 0 65 1000
QC 3 69 1000
QC 5 81 402
QC 12 67 1000
QC 2 85 1000
QC 5 82 253
QC 1 66 1000
QC 13 70 1000
QC 9 68 1000
QC 10 68 1000
QC 7 67 1000
QC 5 83 474
QC 0 66 1000
QC 3 70 1000
QC 10 69 442
QC 12 68 1000
QC 2 86 1000
QC 1 67 1000
QC 13 71 1000
QC 5 84 641
QC 9 69 1000
QC 10 70 574
QC 7 68 1000
QC 5 85 385
QC 0 67 1000
QC 7 69 323
QC 3 71 1000
QC 12 69 1000
QC 5 86 403
QC 10 71 615
QC 2 87 1000
QC 1 68 1000
QC 13 72 1000
QC 9 70 1000
QC 7 70 634
QC 5 87 416
QC 12 70 702
QC 0 68 1000
QC 3 72 1000
QC 5 88 404
QC 7 71 625
QC 10 72 1000
QC 2 88 1000
QC 1 69 1000
QC 5 89 337
QC 13 73 1000
QC 9 71 1000
QC 0 69 723
QC 7 72 498
QC 12 71 1000
QC 3 73 1000
QC 1 70 741
QC 5 90 710
QC 10 73 1000
QC 2 89 1000
QC 13 74 1000
QC 9 72 1000
QC 5 91 464
QC 0 70 1000
QC 7 73 1000
QC 12 72 1000
QC 3 74 987
QC 1 71 1000
QC 10 74 1000
QC 2 90 1000
QC 5 92 720
QC 13 75 1000
QC 9 73 1000
QC 0 71 1000
QC 7 74 1000
QC 12 73 1000
QC 5 93 622
QC 3 75 1000
QC 1 72 1000
QC 5 94 241
QC 10 75 1000
QC 2 91 1000
QC 13 76 1000
QC 5 95 319
QC 9 74 1000
QC 0 72 1000
QC 7 75 1000
QC 5 96 296
QC 12 74 1000
QC 3 76 1000
QC 1 73 1000
QC 5 97 419
QC 10 76 1000
QC 2 92 1000
QC 13 77 1000
QC 9 75 1000
QC 5 98 337
QC 0 73 1000
QC 7 76 1000
QC 12 75 1000
QC 5 99 359
Finished run 5 for QC
QC 3 77 1000
QC 1 74 1000
QC 10 77 966
QC 2 93 1000
QC 13 78 1000
QC 9 76 1000
QC 7 77 1000
QC 0 74 1000
QC 12 76 1000
QC 10 78 636
QC 3 78 1000
QC 1 75 1000
QC 2 94 1000
QC 13 79 1000
QC 9 77 1000
QC 7 78 1000
QC 0 75 1000
QC 12 77 1000
QC 10 79 1000
QC 3 79 989
QC 1 76 1000
QC 2 95 1000
QC 13 80 1000
QC 9 78 1000
QC 7 79 1000
QC 0 76 1000
QC 12 78 1000
QC 10 80 1000
QC 3 80 1000
QC 1 77 1000
QC 2 96 1000
QC 13 81 1000
QC 9 79 1000
QC 7 80 1000
QC 0 77 1000
QC 12 79 1000
QC 10 81 1000
QC 3 81 1000
QC 1 78 1000
QC 2 97 1000
QC 13 82 1000
QC 9 80 1000
QC 7 81 1000
QC 0 78 1000
QC 12 80 1000
QC 10 82 1000
QC 1 79 1000
QC 3 82 1000
QC 2 98 1000
QC 13 83 1000
QC 9 81 1000
QC 7 82 1000
QC 0 79 1000
QC 12 81 1000
QC 10 83 1000
QC 1 80 784
QC 3 83 1000
QC 2 99 1000
Finished run 2 for QC
QC 13 84 1000
QC 9 82 1000
QC 7 83 1000
QC 0 80 1000
QC 12 82 1000
QC 10 84 1000
QC 1 81 1000
QC 3 84 1000
QC 13 85 1000
QC 9 83 1000
QC 7 84 1000
QC 0 81 1000
QC 12 83 1000
QC 10 85 1000
QC 1 82 1000
QC 3 85 1000
QC 13 86 1000
QC 9 84 1000
QC 7 85 1000
QC 0 82 1000
QC 12 84 1000
QC 10 86 1000
QC 1 83 1000
QC 3 86 1000
QC 13 87 1000
QC 7 86 1000
QC 9 85 1000
QC 0 83 1000
QC 12 85 1000
QC 10 87 1000
QC 1 84 1000
QC 1 85 234
QC 3 87 1000
QC 13 88 1000
QC 7 87 1000
QC 9 86 1000
QC 0 84 1000
QC 12 86 1000
QC 10 88 1000
QC 3 88 1000
QC 1 86 1000
QC 13 89 1000
QC 7 88 1000
QC 9 87 1000
QC 0 85 1000
QC 1 87 687
QC 12 87 1000
QC 10 89 1000
QC 3 89 1000
QC 13 90 1000
QC 7 89 1000
QC 0 86 872
QC 9 88 1000
QC 1 88 972
QC 12 88 1000
QC 10 90 1000
QC 3 90 1000
QC 13 91 1000
QC 7 90 1000
QC 0 87 1000
QC 9 89 1000
QC 1 89 1000
QC 12 89 1000
QC 10 91 1000
QC 3 91 1000
QC 13 92 1000
QC 12 90 677
QC 0 88 1000
QC 7 91 1000
QC 9 90 1000
QC 1 90 1000
QC 10 92 1000
QC 3 92 1000
QC 12 91 956
QC 13 93 1000
QC 0 89 1000
QC 9 91 1000
QC 7 92 1000
QC 1 91 1000
QC 10 93 1000
QC 3 93 1000
QC 12 92 1000
QC 13 94 1000
QC 0 90 1000
QC 7 93 1000
QC 9 92 1000
QC 1 92 1000
QC 10 94 1000
QC 3 94 1000
QC 12 93 1000
QC 13 95 1000
QC 0 91 1000
QC 7 94 1000
QC 9 93 1000
QC 1 93 976
QC 10 95 860
QC 3 95 1000
QC 1 94 735
QC 12 94 1000
QC 13 96 1000
QC 0 92 1000
QC 7 95 1000
QC 9 94 1000
QC 10 96 1000
QC 3 96 1000
QC 1 95 777
QC 12 95 1000
QC 13 97 1000
QC 0 93 1000
QC 7 96 1000
QC 9 95 1000
QC 10 97 1000
QC 1 96 713
QC 3 97 1000
QC 12 96 1000
QC 13 98 1000
QC 0 94 1000
QC 7 97 1000
QC 9 96 1000
QC 10 98 1000
QC 1 97 1000
QC 3 98 1000
QC 12 97 1000
QC 0 95 1000
QC 13 99 1000
Finished run 13 for QC
QC 1 98 715
QC 7 98 1000
QC 9 97 1000
QC 10 99 1000
Finished run 10 for QC
QC 3 99 1000
Finished run 3 for QC
QC 1 99 718
Finished run 1 for QC
QC 12 98 1000
QC 0 96 1000
QC 7 99 1000
Finished run 7 for QC
QC 9 98 1000
QC 12 99 1000
Finished run 12 for QC
QC 0 97 1000
QC 9 99 1000
Finished run 9 for QC
QC 0 98 1000
QC 0 99 1000
Finished run 0 for QC
QLearning 0 0 158
QLearning 11 0 208
QLearning 9 0 622
QLearning 5 0 676
QLearning 4 0 872
QLearning 8 0 959
QLearning 13 0 1000
QLearning 1 0 1000
QLearning 2 0 1000
QLearning 3 0 1000
QLearning 7 0 1000
QLearning 6 0 1000
QLearning 12 0 1000
QLearning 10 0 1000
QLearning 0 1 1000
QLearning 11 1 1000
QLearning 5 1 831
QLearning 9 1 1000
QLearning 4 1 1000
QLearning 0 2 839
QLearning 8 1 1000
QLearning 13 1 1000
QLearning 1 1 1000
QLearning 2 1 1000
QLearning 6 1 1000
QLearning 3 1 1000
QLearning 7 1 1000
QLearning 12 1 1000
QLearning 10 1 1000
QLearning 0 3 160
QLearning 0 4 154
QLearning 11 2 1000
QLearning 5 2 788
QLearning 0 5 413
QLearning 9 2 1000
QLearning 5 3 444
QLearning 11 3 629
QLearning 4 2 1000
QLearning 8 2 1000
QLearning 2 2 1000
QLearning 13 2 1000
QLearning 1 2 1000
QLearning 6 2 1000
QLearning 7 2 1000
QLearning 10 2 1000
QLearning 3 2 1000
QLearning 12 2 1000
QLearning 11 4 275
QLearning 5 4 372
QLearning 9 3 531
QLearning 11 5 160
QLearning 5 5 158
QLearning 0 6 819
QLearning 5 6 174
QLearning 9 4 297
QLearning 11 6 254
QLearning 10 3 641
QLearning 0 7 377
QLearning 11 7 302
QLearning 4 3 1000
QLearning 8 3 1000
QLearning 5 7 434
QLearning 2 3 1000
QLearning 13 3 1000
QLearning 1 3 1000
QLearning 6 3 1000
QLearning 7 3 1000
QLearning 9 5 488
QLearning 3 3 1000
QLearning 11 8 155
QLearning 12 3 1000
QLearning 0 8 278
QLearning 5 8 368
QLearning 9 6 412
QLearning 0 9 310
QLearning 10 4 805
QLearning 5 9 230
QLearning 11 9 529
QLearning 9 7 162
QLearning 0 10 268
QLearning 5 10 210
QLearning 11 10 176
QLearning 9 8 166
QLearning 5 11 120
QLearning 9 9 138
QLearning 4 4 1000
QLearning 8 4 1000
QLearning 0 11 202
QLearning 2 4 1000
QLearning 11 11 176
QLearning 13 4 1000
QLearning 1 4 1000
QLearning 6 4 1000
QLearning 7 4 1000
QLearning 5 12 147
QLearning 3 4 1000
QLearning 12 4 1000
QLearning 9 10 189
QLearning 0 12 212
QLearning 5 13 165
QLearning 11 12 282
QLearning 9 11 166
QLearning 5 14 171
QLearning 0 13 231
QLearning 9 12 119
QLearning 11 13 224
QLearning 10 5 1000
QLearning 5 15 168
QLearning 9 13 154
QLearning 0 14 238
QLearning 5 16 124
QLearning 9 14 163
QLearning 5 17 123
QLearning 11 14 318
QLearning 0 15 164
QLearning 9 15 103
QLearning 5 18 134
QLearning 4 5 1000
QLearning 8 5 1000
QLearning 2 5 1000
QLearning 13 5 1000
QLearning 1 5 1000
QLearning 6 5 1000
QLearning 7 5 1000
QLearning 11 15 256
QLearning 3 5 1000
QLearning 9 16 221
QLearning 12 5 1000
QLearning 5 19 145
QLearning 5 20 122
QLearning 11 16 192
QLearning 5 21 184
QLearning 0 16 587
QLearning 9 17 348
QLearning 11 17 222
QLearning 10 6 1000
QLearning 5 22 131
QLearning 9 18 172
QLearning 8 6 673
QLearning 5 23 113
QLearning 11 18 181
QLearning 9 19 151
QLearning 0 17 354
QLearning 5 24 160
QLearning 11 19 191
QLearning 9 20 153
QLearning 2 6 1000
QLearning 4 6 1000
QLearning 5 25 178
QLearning 13 6 1000
QLearning 1 6 1000
QLearning 6 6 1000
QLearning 7 6 1000
QLearning 9 21 138
QLearning 3 6 1000
QLearning 12 6 1000
QLearning 0 18 325
QLearning 11 20 293
QLearning 5 26 198
QLearning 9 22 170
QLearning 0 19 212
QLearning 11 21 193
QLearning 5 27 229
QLearning 10 7 1000
QLearning 9 23 283
QLearning 11 22 195
QLearning 5 28 211
QLearning 8 7 1000
QLearning 0 20 344
QLearning 9 24 158
QLearning 11 23 160
QLearning 9 25 107
QLearning 0 21 225
QLearning 11 24 200
QLearning 5 29 297
QLearning 2 7 1000
QLearning 4 7 1000
QLearning 13 7 1000
QLearning 1 7 1000
QLearning 6 7 1000
QLearning 7 7 1000
QLearning 9 26 276
QLearning 3 7 1000
QLearning 12 7 1000
QLearning 11 25 166
QLearning 5 30 197
QLearning 0 22 235
QLearning 10 8 723
QLearning 9 27 173
QLearning 11 26 168
QLearning 5 31 167
QLearning 0 23 220
QLearning 5 32 147
QLearning 11 27 236
QLearning 9 28 320
QLearning 10 9 375
QLearning 8 8 1000
QLearning 5 33 210
QLearning 0 24 321
QLearning 11 28 167
QLearning 12 8 608
QLearning 11 29 125
QLearning 10 10 193
QLearning 9 29 232
QLearning 5 34 157
QLearning 0 25 247
QLearning 5 35 115
QLearning 11 30 138
QLearning 4 8 1000
QLearning 2 8 1000
QLearning 13 8 1000
QLearning 1 8 1000
QLearning 10 11 206
QLearning 9 30 199
QLearning 6 8 1000
QLearning 7 8 1000
QLearning 3 8 1000
QLearning 0 26 156
QLearning 11 31 157
QLearning 5 36 170
QLearning 10 12 161
QLearning 9 31 162
QLearning 12 9 512
QLearning 11 32 153
QLearning 9 32 125
QLearning 5 37 201
QLearning 10 13 188
QLearning 0 27 312
QLearning 11 33 165
QLearning 9 33 155
QLearning 5 38 185
QLearning 10 14 159
QLearning 11 34 137
QLearning 5 39 148
QLearning 9 34 192
QLearning 10 15 152
QLearning 8 9 1000
QLearning 11 35 216
QLearning 9 35 138
QLearning 5 40 149
QLearning 10 16 164
QLearning 0 28 459
QLearning 11 36 159
QLearning 4 9 1000
QLearning 5 41 150
QLearning 2 9 1000
QLearning 9 36 164
QLearning 13 9 1000
QLearning 10 17 165
QLearning 1 9 1000
QLearning 6 9 1000
QLearning 7 9 1000
QLearning 3 9 1000
QLearning 0 29 221
QLearning 11 37 155
QLearning 5 42 163
QLearning 9 37 166
QLearning 10 18 139
QLearning 12 10 1000
QLearning 11 38 145
QLearning 5 43 122
QLearning 0 30 166
QLearning 10 19 154
QLearning 9 38 170
QLearning 11 39 174
QLearning 5 44 183
QLearning 10 20 169
QLearning 0 31 277
QLearning 9 39 231
QLearning 11 40 123
QLearning 10 21 155
QLearning 9 40 111
QLearning 5 45 227
QLearning 8 10 1000
QLearning 11 41 133
QLearning 0 32 176
QLearning 10 22 155
QLearning 5 46 124
QLearning 0 33 126
QLearning 9 41 177
QLearning 11 42 222
QLearning 10 23 152
QLearning 4 10 1000
QLearning 2 10 1000
QLearning 13 10 1000
QLearning 5 47 201
QLearning 9 42 184
QLearning 1 10 1000
QLearning 6 10 1000
QLearning 7 10 1000
QLearning 0 34 233
QLearning 3 10 1000
QLearning 10 24 158
QLearning 11 43 181
QLearning 5 48 201
QLearning 0 35 151
QLearning 12 11 1000
QLearning 10 25 155
QLearning 11 44 167
QLearning 5 49 153
QLearning 9 43 340
QLearning 10 26 122
QLearning 11 45 147
QLearning 8 11 754
QLearning 5 50 113
QLearning 0 36 292
QLearning 10 27 191
QLearning 11 46 160
QLearning 5 51 170
QLearning 0 37 162
QLearning 12 12 472
QLearning 11 47 153
QLearning 8 12 323
QLearning 9 44 380
QLearning 10 28 212
QLearning 5 52 138
QLearning 5 53 134
QLearning 10 29 152
QLearning 0 38 264
QLearning 2 11 1000
QLearning 4 11 1000
QLearning 13 11 1000
QLearning 8 13 254
QLearning 12 13 303
QLearning 6 11 1000
QLearning 1 11 1000
QLearning 3 11 1000
QLearning 10 30 142
QLearning 7 11 1000
QLearning 5 54 201
QLearning 9 45 379
QLearning 0 39 210
QLearning 10 31 162
QLearning 5 55 153
QLearning 10 32 123
QLearning 11 48 616
QLearning 8 14 429
QLearning 5 56 178
QLearning 12 14 446
QLearning 11 49 125
QLearning 10 33 154
QLearning 0 40 343
QLearning 8 15 151
QLearning 9 46 457
QLearning 10 34 145
QLearning 0 41 173
QLearning 12 15 230
QLearning 5 57 250
QLearning 11 50 258
QLearning 8 16 165
QLearning 9 47 177
QLearning 0 42 157
QLearning 11 51 135
QLearning 5 58 162
QLearning 4 12 1000
QLearning 12 16 255
QLearning 2 12 1000
QLearning 13 12 1000
QLearning 8 17 234
QLearning 11 52 125
QLearning 0 43 155
QLearning 9 48 239
QLearning 6 12 1000
QLearning 1 12 1000
QLearning 7 12 1000
QLearning 3 12 1000
QLearning 5 59 221
QLearning 12 17 166
QLearning 8 18 147
QLearning 11 53 136
QLearning 9 49 193
QLearning 10 35 588
QLearning 0 44 255
QLearning 11 54 156
QLearning 8 19 171
QLearning 12 18 224
QLearning 9 50 166
QLearning 5 60 277
QLearning 10 36 211
QLearning 8 20 165
QLearning 11 55 191
QLearning 0 45 231
QLearning 5 61 124
QLearning 8 21 131
QLearning 12 19 257
QLearning 10 37 186
QLearning 11 56 157
QLearning 5 62 160
QLearning 9 51 297
QLearning 0 46 220
QLearning 10 38 128
QLearning 8 22 159
QLearning 11 57 126
QLearning 5 63 157
QLearning 9 52 167
QLearning 12 20 238
QLearning 8 23 125
QLearning 4 13 1000
QLearning 9 53 119
QLearning 0 47 242
QLearning 2 13 1000
QLearning 13 13 1000
QLearning 5 64 166
QLearning 11 58 216
QLearning 6 13 1000
QLearning 8 24 150
QLearning 7 13 1000
QLearning 1 13 1000
QLearning 3 13 1000
QLearning 12 21 254
QLearning 10 39 341
QLearning 9 54 177
QLearning 11 59 144
QLearning 5 65 148
QLearning 8 25 116
QLearning 11 60 157
QLearning 5 66 150
QLearning 8 26 143
QLearning 9 55 202
QLearning 0 48 383
QLearning 10 40 297
QLearning 5 67 109
QLearning 8 27 140
QLearning 12 22 348
QLearning 11 61 157
QLearning 9 56 141
QLearning 10 41 118
QLearning 5 68 173
QLearning 8 28 150
QLearning 11 62 152
QLearning 9 57 121
QLearning 12 23 167
QLearning 0 49 313
QLearning 10 42 171
QLearning 5 69 120
QLearning 11 63 151
QLearning 12 24 153
QLearning 8 29 202
QLearning 0 50 164
QLearning 5 70 151
QLearning 10 43 217
QLearning 11 64 162
QLearning 6 14 1000
QLearning 12 25 175
QLearning 4 14 1000
QLearning 9 58 353
QLearning 8 30 165
QLearning 2 14 1000
QLearning 13 14 1000
QLearning 0 51 171
QLearning 5 71 176
QLearning 7 14 1000
QLearning 10 44 169
QLearning 3 14 1000
QLearning 1 14 1000
QLearning 8 31 166
QLearning 5 72 155
QLearning 0 52 191
QLearning 12 26 242
QLearning 9 59 270
QLearning 11 65 379
QLearning 10 45 255
QLearning 12 27 134
QLearning 0 53 160
QLearning 8 32 232
QLearning 9 60 156
QLearning 5 73 241
QLearning 11 66 145
QLearning 8 33 103
QLearning 10 46 156
QLearning 0 54 157
QLearning 12 28 181
QLearning 9 61 169
QLearning 11 67 156
QLearning 5 74 220
QLearning 0 55 187
QLearning 9 62 142
QLearning 8 34 235
QLearning 11 68 117
QLearning 10 47 289
QLearning 12 29 251
QLearning 5 75 144
QLearning 9 63 147
QLearning 0 56 169
QLearning 11 69 174
QLearning 10 48 145
QLearning 4 15 1000
QLearning 6 15 1000
QLearning 5 76 155
QLearning 2 15 1000
QLearning 9 64 115
QLearning 13 15 1000
QLearning 12 30 225
QLearning 8 35 300
QLearning 11 70 118
QLearning 0 57 152
QLearning 7 15 1000
QLearning 10 49 170
QLearning 1 15 1000
QLearning 3 15 1000
QLearning 5 77 138
QLearning 0 58 151
QLearning 5 78 110
QLearning 11 71 203
QLearning 0 59 86
QLearning 8 36 304
QLearning 9 65 372
QLearning 8 37 94
QLearning 11 72 197
QLearning 5 79 262
QLearning 12 31 492
QLearning 0 60 257
QLearning 10 50 460
QLearning 9 66 217
QLearning 8 38 161
QLearning 11 73 165
QLearning 0 61 130
QLearning 10 51 142
QLearning 12 32 203
QLearning 11 74 135
QLearning 9 67 214
QLearning 5 80 316
QLearning 8 39 220
QLearning 0 62 163
QLearning 11 75 183
QLearning 10 52 246
QLearning 6 16 1000
QLearning 4 16 1000
QLearning 2 16 1000
QLearning 13 16 1000
QLearning 9 68 191
QLearning 12 33 279
QLearning 11 76 116
QLearning 0 63 207
QLearning 5 81 247
QLearning 7 16 1000
QLearning 3 16 1000
QLearning 1 16 1000
QLearning 8 40 295
QLearning 9 69 161
QLearning 12 34 184
QLearning 11 77 183
QLearning 0 64 150
QLearning 10 53 251
QLearning 5 82 190
QLearning 8 41 175
QLearning 9 70 168
QLearning 11 78 163
QLearning 10 54 160
QLearning 0 65 187
QLearning 8 42 164
QLearning 11 79 113
QLearning 12 35 338
QLearning 9 71 228
QLearning 10 55 191
QLearning 0 66 175
QLearning 8 43 160
QLearning 11 80 170
QLearning 5 83 426
QLearning 9 72 114
QLearning 0 67 115
QLearning 11 81 116
QLearning 8 44 169
QLearning 9 73 127
QLearning 0 68 127
QLearning 12 36 285
QLearning 10 56 338
QLearning 11 82 155
QLearning 9 74 147
QLearning 6 17 1000
QLearning 8 45 179
QLearning 4 17 1000
QLearning 2 17 1000
QLearning 13 17 1000
QLearning 5 84 324
QLearning 12 37 201
QLearning 0 69 208
QLearning 10 57 154
QLearning 7 17 1000
QLearning 3 17 1000
QLearning 8 46 144
QLearning 1 17 1000
QLearning 11 83 207
QLearning 9 75 192
QLearning 5 85 165
QLearning 12 38 170
QLearning 10 58 173
QLearning 0 70 191
QLearning 11 84 117
QLearning 9 76 144
QLearning 0 71 90
QLearning 5 86 152
QLearning 8 47 233
QLearning 9 77 117
QLearning 11 85 172
QLearning 12 39 254
QLearning 0 72 145
QLearning 5 87 164
QLearning 10 59 278
QLearning 11 86 104
QLearning 8 48 239
QLearning 5 88 112
QLearning 9 78 236
QLearning 0 73 182
QLearning 10 60 151
QLearning 8 49 144
QLearning 9 79 94
QLearning 11 87 223
QLearning 0 74 143
QLearning 12 40 334
QLearning 10 61 155
QLearning 5 89 221
QLearning 8 50 129
QLearning 9 80 134
QLearning 12 41 142
QLearning 6 18 1000
QLearning 0 75 169
QLearning 2 18 1000
QLearning 4 18 1000
QLearning 13 18 1000
QLearning 10 62 179
QLearning 5 90 171
QLearning 11 88 262
QLearning 9 81 155
QLearning 7 18 1000
QLearning 3 18 1000
QLearning 1 18 1000
QLearning 5 91 113
QLearning 0 76 157
QLearning 8 51 259
QLearning 12 42 196
QLearning 10 63 177
QLearning 11 89 142
QLearning 9 82 166
QLearning 5 92 124
QLearning 0 77 148
QLearning 8 52 163
QLearning 12 43 158
QLearning 10 64 147
QLearning 11 90 148
QLearning 9 83 160
QLearning 5 93 173
QLearning 12 44 121
QLearning 0 78 167
QLearning 8 53 159
QLearning 10 65 149
QLearning 11 91 202
QLearning 5 94 147
QLearning 12 45 162
QLearning 10 66 150
QLearning 8 54 170
QLearning 9 84 268
QLearning 5 95 136
QLearning 11 92 210
QLearning 10 67 148
QLearning 12 46 190
QLearning 8 55 161
QLearning 9 85 178
QLearning 5 96 175
QLearning 12 47 137
QLearning 8 56 155
QLearning 6 19 1000
QLearning 0 79 507
QLearning 10 68 192
QLearning 9 86 143
QLearning 13 19 1000
QLearning 2 19 1000
QLearning 4 19 1000
QLearning 11 93 261
QLearning 7 19 1000
QLearning 5 97 207
QLearning 10 69 145
QLearning 12 48 181
QLearning 3 19 1000
QLearning 9 87 153
QLearning 1 19 1000
QLearning 8 57 224
QLearning 10 70 111
QLearning 5 98 149
QLearning 12 49 151
QLearning 11 94 272
QLearning 0 80 334
QLearning 9 88 205
QLearning 8 58 164
QLearning 10 71 179
QLearning 5 99 185
Finished run 5 for QLearning
QLearning 12 50 173
QLearning 9 89 145
QLearning 11 95 192
QLearning 8 59 147
QLearning 0 81 200
QLearning 11 96 146
QLearning 12 51 193
QLearning 9 90 157
QLearning 10 72 311
QLearning 0 82 206
QLearning 9 91 160
QLearning 11 97 166
QLearning 12 52 177
QLearning 8 60 328
QLearning 9 92 130
QLearning 10 73 228
QLearning 6 20 1000
QLearning 13 20 1000
QLearning 8 61 144
QLearning 4 20 1000
QLearning 2 20 1000
QLearning 11 98 200
QLearning 12 53 207
QLearning 0 83 324
QLearning 7 20 1000
QLearning 8 62 128
QLearning 9 93 185
QLearning 3 20 1000
QLearning 1 20 1000
QLearning 0 84 117
QLearning 10 74 224
QLearning 12 54 147
QLearning 11 99 186
Finished run 11 for QLearning
QLearning 8 63 162
QLearning 9 94 162
QLearning 10 75 167
QLearning 0 85 175
QLearning 12 55 240
QLearning 9 95 192
QLearning 0 86 137
QLearning 10 76 141
QLearning 10 77 120
QLearning 12 56 190
QLearning 8 64 350
QLearning 0 87 169
QLearning 9 96 261
QLearning 12 57 135
QLearning 8 65 142
QLearning 10 78 182
QLearning 0 88 140
QLearning 12 58 119
QLearning 9 97 170
QLearning 8 66 164
QLearning 10 79 148
QLearning 0 89 149
QLearning 6 21 1000
QLearning 13 21 1000
QLearning 4 21 1000
QLearning 2 21 1000
QLearning 12 59 183
QLearning 9 98 138
QLearning 7 21 1000
QLearning 8 67 160
QLearning 3 21 1000
QLearning 0 90 183
QLearning 10 80 193
QLearning 1 21 1000
QLearning 9 99 131
Finished run 9 for QLearning
QLearning 12 60 176
QLearning 8 68 160
QLearning 0 91 144
QLearning 10 81 147
QLearning 8 69 135
QLearning 0 92 119
QLearning 12 61 186
QLearning 10 82 268
QLearning 8 70 150
QLearning 12 62 124
QLearning 0 93 207
QLearning 12 63 149
QLearning 8 71 205
QLearning 10 83 259
QLearning 0 94 200
QLearning 12 64 119
QLearning 8 72 165
QLearning 12 65 97
QLearning 6 22 1000
QLearning 13 22 1000
QLearning 10 84 212
QLearning 2 22 1000
QLearning 4 22 1000
QLearning 0 95 202
QLearning 7 22 1000
QLearning 8 73 163
QLearning 12 66 183
QLearning 3 22 1000
QLearning 10 85 158
QLearning 1 22 1000
QLearning 0 96 187
QLearning 8 74 156
QLearning 12 67 155
QLearning 10 86 212
QLearning 0 97 139
QLearning 12 68 163
QLearning 10 87 110
QLearning 0 98 143
QLearning 8 75 262
QLearning 12 69 143
QLearning 8 76 118
QLearning 0 99 135
Finished run 0 for QLearning
QLearning 8 77 125
QLearning 10 88 317
QLearning 12 70 222
QLearning 8 78 134
QLearning 10 89 148
QLearning 6 23 1000
QLearning 13 23 1000
QLearning 4 23 1000
QLearning 2 23 1000
QLearning 12 71 255
QLearning 7 23 1000
QLearning 8 79 201
QLearning 10 90 179
QLearning 3 23 1000
QLearning 12 72 123
QLearning 1 23 1000
QLearning 8 80 150
QLearning 10 91 124
QLearning 12 73 127
QLearning 8 81 156
QLearning 10 92 164
QLearning 12 74 155
QLearning 10 93 131
QLearning 8 82 177
QLearning 12 75 239
QLearning 10 94 219
QLearning 12 76 147
QLearning 8 83 357
QLearning 6 24 1000
QLearning 13 24 1000
QLearning 2 24 1000
QLearning 4 24 1000
QLearning 12 77 139
QLearning 10 95 288
QLearning 7 24 1000
QLearning 8 84 129
QLearning 3 24 1000
QLearning 12 78 176
QLearning 1 24 1000
QLearning 8 85 148
QLearning 12 79 112
QLearning 10 96 328
QLearning 8 86 177
QLearning 12 80 198
QLearning 8 87 117
QLearning 10 97 171
QLearning 12 81 127
QLearning 10 98 144
QLearning 8 88 186
QLearning 12 82 112
QLearning 8 89 169
QLearning 12 83 147
QLearning 10 99 194
Finished run 10 for QLearning
QLearning 6 25 1000
QLearning 4 25 1000
QLearning 13 25 1000
QLearning 2 25 1000
QLearning 8 90 127
QLearning 7 25 1000
QLearning 12 84 166
QLearning 8 91 109
QLearning 3 25 1000
QLearning 12 85 141
QLearning 1 25 1000
QLearning 8 92 115
QLearning 8 93 127
QLearning 12 86 226
QLearning 8 94 191
QLearning 12 87 165
QLearning 8 95 155
QLearning 12 88 120
QLearning 8 96 156
QLearning 12 89 155
QLearning 6 26 1000
QLearning 13 26 1000
QLearning 4 26 1000
QLearning 2 26 1000
QLearning 8 97 120
QLearning 12 90 166
QLearning 7 26 1000
QLearning 3 26 1000
QLearning 8 98 144
QLearning 1 26 1000
QLearning 12 91 155
QLearning 8 99 126
Finished run 8 for QLearning
QLearning 12 92 140
QLearning 12 93 162
QLearning 13 27 674
QLearning 12 94 166
QLearning 12 95 126
QLearning 6 27 1000
QLearning 2 27 1000
QLearning 4 27 1000
QLearning 12 96 230
QLearning 7 27 1000
QLearning 3 27 1000
QLearning 12 97 153
QLearning 1 27 1000
QLearning 12 98 185
QLearning 12 99 223
Finished run 12 for QLearning
QLearning 13 28 1000
QLearning 6 28 1000
QLearning 2 28 1000
QLearning 4 28 1000
QLearning 7 28 1000
QLearning 3 28 1000
QLearning 1 28 1000
QLearning 13 29 1000
QLearning 6 29 1000
QLearning 2 29 1000
QLearning 4 29 1000
QLearning 7 29 1000
QLearning 3 29 1000
QLearning 1 29 1000
QLearning 13 30 1000
QLearning 6 30 1000
QLearning 2 30 1000
QLearning 4 30 1000
QLearning 7 30 1000
QLearning 3 30 1000
QLearning 1 30 1000
QLearning 13 31 1000
QLearning 6 31 1000
QLearning 2 31 1000
QLearning 4 31 1000
QLearning 7 31 1000
QLearning 3 31 1000
QLearning 1 31 1000
QLearning 4 32 609
QLearning 13 32 1000
QLearning 6 32 1000
QLearning 2 32 1000
QLearning 7 32 1000
QLearning 3 32 1000
QLearning 1 32 1000
QLearning 4 33 1000
QLearning 13 33 1000
QLearning 6 33 1000
QLearning 2 33 1000
QLearning 7 33 1000
QLearning 3 33 1000
QLearning 1 33 1000
QLearning 4 34 1000
QLearning 13 34 1000
QLearning 6 34 1000
QLearning 2 34 1000
QLearning 7 34 1000
QLearning 3 34 1000
QLearning 1 34 1000
QLearning 4 35 1000
QLearning 13 35 1000
QLearning 6 35 1000
QLearning 2 35 1000
QLearning 7 35 1000
QLearning 3 35 1000
QLearning 4 36 756
QLearning 1 35 1000
QLearning 4 37 413
QLearning 13 36 1000
QLearning 6 36 1000
QLearning 2 36 1000
QLearning 4 38 246
QLearning 7 36 1000
QLearning 3 36 1000
QLearning 4 39 313
QLearning 1 36 1000
QLearning 4 40 237
QLearning 4 41 164
QLearning 13 37 1000
QLearning 4 42 170
QLearning 6 37 1000
QLearning 2 37 1000
QLearning 4 43 178
QLearning 7 37 1000
QLearning 4 44 163
QLearning 3 37 1000
QLearning 4 45 155
QLearning 1 37 1000
QLearning 4 46 187
QLearning 13 38 1000
QLearning 4 47 321
QLearning 2 38 1000
QLearning 6 38 1000
QLearning 4 48 152
QLearning 7 38 1000
QLearning 4 49 138
QLearning 3 38 1000
QLearning 4 50 166
QLearning 1 38 1000
QLearning 4 51 161
QLearning 4 52 170
QLearning 13 39 1000
QLearning 4 53 163
QLearning 2 39 1000
QLearning 6 39 1000
QLearning 4 54 158
QLearning 4 55 144
QLearning 7 39 1000
QLearning 3 39 1000
QLearning 4 56 138
QLearning 1 39 1000
QLearning 4 57 225
QLearning 4 58 161
QLearning 13 40 1000
QLearning 4 59 163
QLearning 2 40 1000
QLearning 6 40 1000
QLearning 4 60 221
QLearning 7 40 1000
QLearning 3 40 1000
QLearning 4 61 182
QLearning 4 62 161
QLearning 1 40 1000
QLearning 4 63 198
QLearning 13 41 1000
QLearning 4 64 321
QLearning 2 41 1000
QLearning 6 41 1000
QLearning 7 41 1000
QLearning 3 41 1000
QLearning 4 65 395
QLearning 1 41 1000
QLearning 4 66 236
QLearning 4 67 204
QLearning 13 42 1000
QLearning 2 42 1000
QLearning 4 68 201
QLearning 6 42 1000
QLearning 4 69 195
QLearning 7 42 1000
QLearning 3 42 1000
QLearning 4 70 176
QLearning 4 71 143
QLearning 1 42 1000
QLearning 4 72 148
QLearning 4 73 175
QLearning 13 43 1000
QLearning 2 43 1000
QLearning 4 74 167
QLearning 6 43 1000
QLearning 4 75 150
QLearning 7 43 1000
QLearning 3 43 1000
QLearning 4 76 166
QLearning 4 77 153
QLearning 1 43 1000
QLearning 4 78 166
QLearning 4 79 165
QLearning 13 44 1000
QLearning 2 44 1000
QLearning 4 80 178
QLearning 6 44 1000
QLearning 4 81 183
QLearning 7 44 1000
QLearning 3 44 1000
QLearning 4 82 150
QLearning 4 83 158
QLearning 1 44 1000
QLearning 4 84 142
QLearning 4 85 168
QLearning 13 45 1000
QLearning 2 45 1000
QLearning 4 86 151
QLearning 6 45 1000
QLearning 4 87 118
QLearning 7 45 1000
QLearning 3 45 1000
QLearning 4 88 173
QLearning 4 89 160
QLearning 1 45 1000
QLearning 4 90 230
QLearning 4 91 216
QLearning 13 46 1000
QLearning 2 46 1000
QLearning 6 46 1000
QLearning 4 92 211
QLearning 7 46 1000
QLearning 4 93 184
QLearning 3 46 1000
QLearning 4 94 155
QLearning 4 95 160
QLearning 1 46 1000
QLearning 4 96 152
QLearning 4 97 163
QLearning 13 47 1000
QLearning 2 47 1000
QLearning 6 47 1000
QLearning 4 98 279
QLearning 7 47 1000
QLearning 3 47 1000
QLearning 4 99 149
Finished run 4 for QLearning
QLearning 1 47 1000
QLearning 13 48 1000
QLearning 2 48 1000
QLearning 6 48 1000
QLearning 7 48 1000
QLearning 3 48 1000
QLearning 1 48 1000
QLearning 13 49 1000
QLearning 2 49 1000
QLearning 6 49 1000
QLearning 7 49 1000
QLearning 3 49 1000
QLearning 1 49 1000
QLearning 13 50 621
QLearning 2 50 1000
QLearning 6 50 1000
QLearning 7 50 1000
QLearning 3 50 1000
QLearning 1 50 1000
QLearning 13 51 1000
QLearning 2 51 923
QLearning 13 52 341
QLearning 6 51 1000
QLearning 7 51 1000
QLearning 3 51 1000
QLearning 2 52 502
QLearning 1 51 1000
QLearning 13 53 1000
QLearning 6 52 1000
QLearning 2 53 788
QLearning 3 52 1000
QLearning 7 52 1000
QLearning 1 52 1000
QLearning 13 54 1000
QLearning 2 54 649
QLearning 6 53 1000
QLearning 3 53 753
QLearning 7 53 1000
QLearning 1 53 1000
QLearning 2 55 854
QLearning 13 55 1000
QLearning 6 54 1000
QLearning 3 54 1000
QLearning 13 56 294
QLearning 13 57 164
QLearning 7 54 1000
QLearning 2 56 695
QLearning 13 58 164
QLearning 13 59 174
QLearning 1 54 1000
QLearning 13 60 216
QLearning 2 57 580
QLearning 6 55 1000
QLearning 13 61 186
QLearning 3 55 1000
QLearning 13 62 204
QLearning 7 55 1000
QLearning 13 63 193
QLearning 13 64 135
QLearning 1 55 1000
QLearning 13 65 143
QLearning 2 58 883
QLearning 3 56 705
QLearning 13 66 144
QLearning 13 67 113
QLearning 6 56 1000
QLearning 13 68 180
QLearning 3 57 422
QLearning 13 69 144
QLearning 7 56 1000
QLearning 13 70 161
QLearning 13 71 142
QLearning 3 58 414
QLearning 1 56 1000
QLearning 13 72 186
QLearning 2 59 1000
QLearning 3 59 221
QLearning 6 57 1000
QLearning 13 73 231
QLearning 13 74 138
QLearning 7 57 1000
QLearning 13 75 181
QLearning 3 60 643
QLearning 13 76 182
QLearning 3 61 144
QLearning 1 57 1000
QLearning 13 77 217
QLearning 2 60 1000
QLearning 3 62 220
QLearning 6 58 1000
QLearning 13 78 194
QLearning 3 63 211
QLearning 13 79 213
QLearning 3 64 177
QLearning 7 58 1000
QLearning 3 65 121
QLearning 13 80 300
QLearning 3 66 204
QLearning 13 81 99
QLearning 1 58 1000
QLearning 13 82 171
QLearning 3 67 245
QLearning 2 61 1000
QLearning 6 59 1000
QLearning 13 83 140
QLearning 3 68 168
QLearning 13 84 161
QLearning 3 69 153
QLearning 13 85 136
QLearning 7 59 1000
QLearning 13 86 143
QLearning 3 70 387
QLearning 13 87 218
QLearning 1 59 1000
QLearning 3 71 288
QLearning 13 88 224
QLearning 2 62 1000
QLearning 6 60 1000
QLearning 13 89 99
QLearning 3 72 158
QLearning 13 90 197
QLearning 3 73 247
QLearning 13 91 163
QLearning 7 60 1000
QLearning 13 92 253
QLearning 3 74 391
QLearning 1 60 1000
QLearning 3 75 174
QLearning 2 63 1000
QLearning 13 93 323
QLearning 6 61 1000
QLearning 3 76 249
QLearning 13 94 371
QLearning 3 77 239
QLearning 7 61 1000
QLearning 3 78 154
QLearning 3 79 154
QLearning 13 95 410
QLearning 1 61 1000
QLearning 3 80 153
QLearning 13 96 173
QLearning 2 64 1000
QLearning 6 62 1000
QLearning 3 81 176
QLearning 13 97 224
QLearning 3 82 152
QLearning 13 98 139
QLearning 3 83 143
QLearning 13 99 134
Finished run 13 for QLearning
QLearning 7 62 1000
QLearning 3 84 140
QLearning 3 85 229
QLearning 1 62 1000
QLearning 2 65 1000
QLearning 3 86 215
QLearning 6 63 1000
QLearning 3 87 253
QLearning 3 88 161
QLearning 7 63 1000
QLearning 3 89 167
QLearning 3 90 266
QLearning 1 63 1000
QLearning 2 66 1000
QLearning 6 64 1000
QLearning 3 91 367
QLearning 3 92 207
QLearning 7 64 1000
QLearning 3 93 191
QLearning 3 94 317
QLearning 2 67 1000
QLearning 1 64 1000
QLearning 6 65 1000
QLearning 3 95 197
QLearning 3 96 136
QLearning 7 65 1000
QLearning 3 97 261
QLearning 3 98 230
QLearning 3 99 166
Finished run 3 for QLearning
QLearning 2 68 1000
QLearning 1 65 1000
QLearning 6 66 1000
QLearning 7 66 1000
QLearning 2 69 1000
QLearning 1 66 1000
QLearning 6 67 1000
QLearning 7 67 1000
QLearning 2 70 1000
QLearning 6 68 1000
QLearning 1 67 899
QLearning 7 68 1000
QLearning 6 69 1000
QLearning 2 71 1000
QLearning 1 68 893
QLearning 7 69 1000
QLearning 1 69 619
QLearning 2 72 1000
QLearning 6 70 1000
QLearning 7 70 1000
QLearning 1 70 1000
QLearning 2 73 1000
QLearning 6 71 1000
QLearning 1 71 668
QLearning 7 71 1000
QLearning 2 74 1000
QLearning 6 72 1000
QLearning 1 72 552
QLearning 1 73 215
QLearning 1 74 154
QLearning 1 75 207
QLearning 7 72 1000
QLearning 2 75 1000
QLearning 1 76 252
QLearning 6 73 1000
QLearning 1 77 169
QLearning 1 78 171
QLearning 1 79 177
QLearning 1 80 222
QLearning 7 73 1000
QLearning 1 81 146
QLearning 2 76 1000
QLearning 6 74 1000
QLearning 1 82 165
QLearning 1 83 156
QLearning 1 84 154
QLearning 1 85 146
QLearning 1 86 171
QLearning 7 74 1000
QLearning 1 87 185
QLearning 2 77 1000
QLearning 6 75 1000
QLearning 1 88 163
QLearning 1 89 204
QLearning 1 90 223
QLearning 7 75 1000
QLearning 1 91 400
QLearning 2 78 1000
QLearning 6 76 1000
QLearning 1 92 181
QLearning 1 93 169
QLearning 1 94 242
QLearning 1 95 123
QLearning 7 76 1000
QLearning 1 96 182
QLearning 2 79 1000
QLearning 6 77 1000
QLearning 1 97 164
QLearning 1 98 141
QLearning 1 99 223
Finished run 1 for QLearning
QLearning 2 80 1000
QLearning 7 77 1000
QLearning 6 78 1000
QLearning 2 81 1000
QLearning 7 78 1000
QLearning 6 79 1000
QLearning 2 82 1000
QLearning 7 79 1000
QLearning 6 80 1000
QLearning 2 83 1000
QLearning 7 80 1000
QLearning 6 81 1000
QLearning 2 84 1000
QLearning 7 81 1000
QLearning 6 82 1000
QLearning 2 85 1000
QLearning 7 82 870
QLearning 6 83 1000
QLearning 7 83 820
QLearning 2 86 1000
QLearning 6 84 1000
QLearning 7 84 608
QLearning 7 85 475
QLearning 2 87 1000
QLearning 6 85 1000
QLearning 2 88 1000
QLearning 7 86 1000
QLearning 6 86 1000
QLearning 7 87 1000
QLearning 2 89 1000
QLearning 6 87 1000
QLearning 7 88 1000
QLearning 2 90 1000
QLearning 6 88 1000
QLearning 7 89 321
QLearning 2 91 1000
QLearning 6 89 1000
QLearning 7 90 1000
QLearning 2 92 1000
QLearning 7 91 706
QLearning 6 90 1000
QLearning 7 92 316
QLearning 2 93 1000
QLearning 7 93 641
QLearning 7 94 229
QLearning 6 91 1000
QLearning 7 95 353
QLearning 7 96 220
QLearning 2 94 1000
QLearning 7 97 307
QLearning 6 92 1000
QLearning 7 98 246
QLearning 7 99 246
Finished run 7 for QLearning
QLearning 2 95 1000
QLearning 6 93 1000
QLearning 2 96 1000
QLearning 6 94 1000
QLearning 2 97 1000
QLearning 6 95 1000
QLearning 2 98 1000
QLearning 6 96 1000
QLearning 2 99 1000
Finished run 2 for QLearning
QLearning 6 97 1000
QLearning 6 98 1000
QLearning 6 99 1000
Finished run 6 for QLearning