QRC 6 0 340
QRC 13 0 1000
QRC 2 0 1000
QRC 1 0 1000
QRC 8 0 1000
QRC 7 0 1000
QRC 0 0 1000
QRC 4 0 1000
QRC 10 0 1000
QRC 9 0 1000
QRC 11 0 1000
QRC 12 0 1000
QRC 5 0 1000
QRC 3 0 1000
QRC 6 1 1000
QRC 4 1 617
QRC 13 1 1000
QRC 2 1 1000
QRC 1 1 1000
QRC 8 1 1000
QRC 0 1 1000
QRC 7 1 1000
QRC 10 1 1000
QRC 9 1 1000
QRC 11 1 1000
QRC 12 1 1000
QRC 3 1 1000
QRC 5 1 1000
QRC 6 2 1000
QRC 4 2 823
QRC 13 2 1000
QRC 2 2 1000
QRC 1 2 1000
QRC 2 3 151
QRC 8 2 1000
QRC 0 2 1000
QRC 7 2 1000
QRC 10 2 1000
QRC 9 2 1000
QRC 11 2 1000
QRC 12 2 1000
QRC 3 2 1000
QRC 5 2 1000
QRC 2 4 379
QRC 6 3 1000
QRC 4 3 1000
QRC 8 3 511
QRC 13 3 1000
QRC 1 3 1000
QRC 8 4 404
QRC 6 4 604
QRC 0 3 1000
QRC 7 3 1000
QRC 10 3 1000
QRC 9 3 1000
QRC 11 3 1000
QRC 3 3 1000
QRC 12 3 1000
QRC 5 3 1000
QRC 1 4 232
QRC 2 5 1000
QRC 1 5 320
QRC 4 4 1000
QRC 8 5 599
QRC 5 4 629
QRC 13 4 1000
QRC 6 5 796
QRC 0 4 1000
QRC 7 4 1000
QRC 10 4 1000
QRC 9 4 1000
QRC 11 4 1000
QRC 3 4 1000
QRC 12 4 1000
QRC 1 6 617
QRC 4 5 725
QRC 8 6 847
QRC 2 6 1000
QRC 6 6 741
QRC 10 5 671
QRC 5 5 1000
QRC 13 5 1000
QRC 0 5 1000
QRC 7 5 1000
QRC 9 5 1000
QRC 11 5 1000
QRC 3 5 1000
QRC 12 5 1000
QRC 1 7 1000
QRC 4 6 1000
QRC 8 7 1000
QRC 2 7 1000
QRC 6 7 1000
QRC 10 6 1000
QRC 5 6 1000
QRC 13 6 1000
QRC 6 8 309
QRC 0 6 1000
QRC 7 6 1000
QRC 9 6 1000
QRC 3 6 1000
QRC 12 6 1000
QRC 11 6 1000
QRC 1 8 1000
QRC 4 7 1000
QRC 2 8 877
QRC 6 9 491
QRC 8 8 1000
QRC 10 7 1000
QRC 5 7 1000
QRC 13 7 1000
QRC 0 7 1000
QRC 7 7 1000
QRC 9 7 1000
QRC 3 7 1000
QRC 12 7 1000
QRC 11 7 1000
QRC 1 9 1000
QRC 4 8 1000
QRC 2 9 1000
QRC 6 10 1000
QRC 8 9 1000
QRC 10 8 719
QRC 5 8 1000
QRC 13 8 1000
QRC 0 8 1000
QRC 7 8 1000
QRC 9 8 1000
QRC 6 11 718
QRC 3 8 1000
QRC 12 8 1000
QRC 11 8 1000
QRC 1 10 1000
QRC 4 9 1000
QRC 2 10 1000
QRC 8 10 1000
QRC 10 9 1000
QRC 6 12 444
QRC 7 9 659
QRC 5 9 1000
QRC 13 9 1000
QRC 8 11 441
QRC 2 11 573
QRC 1 11 804
QRC 2 12 178
QRC 0 9 1000
QRC 9 9 1000
QRC 3 9 1000
QRC 12 9 1000
QRC 11 9 1000
QRC 6 13 616
QRC 4 10 967
QRC 2 13 332
QRC 7 10 704
QRC 10 10 1000
QRC 2 14 125
QRC 3 10 505
QRC 11 10 565
QRC 2 15 199
QRC 5 10 1000
QRC 13 10 1000
QRC 2 16 130
QRC 8 12 1000
QRC 1 12 1000
QRC 2 17 154
QRC 0 10 1000
QRC 9 10 1000
QRC 2 18 125
QRC 12 10 1000
QRC 6 14 1000
QRC 4 11 1000
QRC 2 19 134
QRC 8 13 548
QRC 2 20 151
QRC 7 11 997
QRC 10 11 1000
QRC 2 21 138
QRC 3 11 1000
QRC 11 11 1000
QRC 2 22 146
QRC 5 11 1000
QRC 13 11 1000
QRC 2 23 143
QRC 1 13 1000
QRC 2 24 167
QRC 0 11 1000
QRC 12 11 929
QRC 9 11 1000
QRC 11 12 422
QRC 6 15 1000
QRC 2 25 147
QRC 4 12 1000
QRC 3 12 634
QRC 6 16 134
QRC 2 26 145
QRC 8 14 1000
QRC 7 12 1000
QRC 10 12 1000
QRC 2 27 161
QRC 2 28 155
QRC 6 17 367
QRC 2 29 145
QRC 5 12 1000
QRC 13 12 1000
QRC 6 18 232
QRC 2 30 145
QRC 1 14 1000
QRC 7 13 605
QRC 2 31 144
QRC 9 12 1000
QRC 12 12 1000
QRC 0 12 1000
QRC 11 13 1000
QRC 2 32 139
QRC 3 13 1000
QRC 4 13 1000
QRC 2 33 207
QRC 8 15 1000
QRC 6 19 550
QRC 10 13 1000
QRC 2 34 165
QRC 6 20 171
QRC 2 35 219
QRC 5 13 1000
QRC 13 13 1000
QRC 6 21 233
QRC 6 22 113
QRC 1 15 1000
QRC 2 36 228
QRC 7 14 1000
QRC 9 13 1000
QRC 12 13 1000
QRC 0 13 1000
QRC 11 14 1000
QRC 2 37 219
QRC 3 14 1000
QRC 4 14 1000
QRC 2 38 168
QRC 8 16 1000
QRC 6 23 481
QRC 10 14 1000
QRC 2 39 226
QRC 11 15 511
QRC 4 15 473
QRC 8 17 394
QRC 5 14 1000
QRC 13 14 1000
QRC 6 24 397
QRC 2 40 272
QRC 1 16 1000
QRC 6 25 161
QRC 7 15 1000
QRC 9 14 1000
QRC 2 41 164
QRC 0 14 1000
QRC 12 14 1000
QRC 2 42 142
QRC 3 15 1000
QRC 2 43 146
QRC 10 15 1000
QRC 2 44 163
QRC 11 16 885
QRC 2 45 149
QRC 4 16 964
QRC 6 26 786
QRC 8 18 1000
QRC 13 15 1000
QRC 5 15 1000
QRC 2 46 145
QRC 11 17 385
QRC 2 47 134
QRC 1 17 1000
QRC 7 16 1000
QRC 9 15 1000
QRC 12 15 1000
QRC 0 15 1000
QRC 2 48 217
QRC 6 27 394
QRC 3 16 1000
QRC 11 18 392
QRC 2 49 163
QRC 6 28 170
QRC 10 16 1000
QRC 2 50 145
QRC 6 29 175
QRC 2 51 164
QRC 11 19 370
QRC 6 30 185
QRC 4 17 1000
QRC 2 52 147
QRC 8 19 1000
QRC 13 16 1000
QRC 5 16 1000
QRC 2 53 147
QRC 1 18 1000
QRC 7 17 1000
QRC 6 31 317
QRC 9 16 1000
QRC 2 54 143
QRC 11 20 375
QRC 0 16 1000
QRC 12 16 1000
QRC 10 17 743
QRC 2 55 172
QRC 3 17 1000
QRC 6 32 317
QRC 2 56 144
QRC 11 21 327
QRC 6 33 153
QRC 10 18 351
QRC 2 57 143
QRC 7 18 605
QRC 6 34 231
QRC 4 18 1000
QRC 8 20 1000
QRC 13 17 1000
QRC 2 58 279
QRC 5 17 1000
QRC 11 22 422
QRC 6 35 231
QRC 2 59 175
QRC 1 19 1000
QRC 9 17 1000
QRC 2 60 113
QRC 0 17 1000
QRC 12 17 1000
QRC 7 19 616
QRC 2 61 161
QRC 10 19 762
QRC 3 18 1000
QRC 11 23 522
QRC 2 62 152
QRC 12 18 368
QRC 2 63 157
QRC 6 36 601
QRC 7 20 373
QRC 2 64 153
QRC 6 37 151
QRC 4 19 1000
QRC 8 21 1000
QRC 13 18 1000
QRC 5 18 1000
QRC 10 20 533
QRC 2 65 153
QRC 11 24 553
QRC 1 20 1000
QRC 6 38 271
QRC 2 66 154
QRC 9 18 1000
QRC 0 18 1000
QRC 6 39 160
QRC 2 67 155
QRC 11 25 282
QRC 3 19 1000
QRC 6 40 178
QRC 11 26 173
QRC 2 68 230
QRC 6 41 157
QRC 12 19 1000
QRC 11 27 179
QRC 2 69 139
QRC 7 21 1000
QRC 6 42 164
QRC 11 28 220
QRC 4 20 1000
QRC 8 22 1000
QRC 13 19 1000
QRC 5 19 1000
QRC 10 21 1000
QRC 2 70 329
QRC 11 29 155
QRC 1 21 1000
QRC 6 43 369
QRC 2 71 159
QRC 9 19 1000
QRC 11 30 163
QRC 0 19 1000
QRC 2 72 155
QRC 6 44 228
QRC 3 20 946
QRC 10 22 519
QRC 2 73 164
QRC 11 31 313
QRC 2 74 94
QRC 6 45 235
QRC 12 20 1000
QRC 9 20 512
QRC 11 32 177
QRC 7 22 1000
QRC 2 75 181
QRC 6 46 192
QRC 8 23 1000
QRC 2 76 166
QRC 13 20 1000
QRC 11 33 187
QRC 4 21 1000
QRC 5 20 1000
QRC 6 47 224
QRC 11 34 145
QRC 2 77 228
QRC 6 48 144
QRC 1 22 1000
QRC 11 35 156
QRC 2 78 176
QRC 6 49 145
QRC 0 20 1000
QRC 11 36 139
QRC 3 21 1000
QRC 10 23 1000
QRC 2 79 154
QRC 6 50 170
QRC 11 37 178
QRC 9 21 930
QRC 6 51 176
QRC 2 80 228
QRC 12 21 1000
QRC 7 23 1000
QRC 11 38 150
QRC 6 52 148
QRC 2 81 167
QRC 8 24 1000
QRC 13 21 1000
QRC 11 39 162
QRC 6 53 135
QRC 4 22 1000
QRC 2 82 141
QRC 11 40 124
QRC 5 21 1000
QRC 6 54 148
QRC 2 83 151
QRC 7 24 436
QRC 11 41 148
QRC 6 55 146
QRC 1 23 1000
QRC 12 22 529
QRC 2 84 178
QRC 10 24 913
QRC 11 42 148
QRC 6 56 145
QRC 0 21 1000
QRC 4 23 438
QRC 9 22 918
QRC 3 22 1000
QRC 11 43 141
QRC 7 25 407
QRC 6 57 205
QRC 11 44 143
QRC 10 25 369
QRC 6 58 148
QRC 12 23 468
QRC 8 25 1000
QRC 13 22 1000
QRC 11 45 202
QRC 6 59 188
QRC 7 26 416
QRC 10 26 261
QRC 11 46 164
QRC 6 60 154
QRC 5 22 1000
QRC 4 24 640
QRC 11 47 151
QRC 1 24 1000
QRC 6 61 211
QRC 2 85 1000
QRC 11 48 131
QRC 0 22 1000
QRC 6 62 154
QRC 11 49 115
QRC 9 23 967
QRC 10 27 558
QRC 3 23 1000
QRC 4 25 437
QRC 6 63 149
QRC 11 50 118
QRC 6 64 144
QRC 2 86 448
QRC 11 51 142
QRC 8 26 1000
QRC 13 23 1000
QRC 12 24 1000
QRC 6 65 149
QRC 4 26 313
QRC 11 52 142
QRC 9 24 448
QRC 7 27 1000
QRC 2 87 268
QRC 6 66 146
QRC 10 28 522
QRC 11 53 146
QRC 5 23 1000
QRC 6 67 144
QRC 3 24 603
QRC 10 29 163
QRC 11 54 179
QRC 6 68 145
QRC 1 25 1000
QRC 7 28 420
QRC 10 30 175
QRC 0 23 1000
QRC 6 69 137
QRC 11 55 268
QRC 6 70 148
QRC 12 25 758
QRC 10 31 270
QRC 4 27 744
QRC 2 88 712
QRC 11 56 201
QRC 6 71 146
QRC 10 32 94
QRC 8 27 1000
QRC 13 24 1000
QRC 2 89 162
QRC 6 72 142
QRC 3 25 692
QRC 11 57 169
QRC 10 33 153
QRC 9 25 1000
QRC 6 73 149
QRC 10 34 163
QRC 11 58 179
QRC 12 26 485
QRC 6 74 146
QRC 5 24 1000
QRC 2 90 354
QRC 11 59 152
QRC 6 75 144
QRC 7 29 1000
QRC 11 60 135
QRC 1 26 1000
QRC 10 35 375
QRC 6 76 140
QRC 3 26 520
QRC 2 91 246
QRC 0 24 1000
QRC 6 77 148
QRC 11 61 213
QRC 12 27 474
QRC 10 36 231
QRC 2 92 239
QRC 4 28 1000
QRC 6 78 150
QRC 11 62 133
QRC 8 28 1000
QRC 10 37 147
QRC 13 25 1000
QRC 6 79 143
QRC 9 26 1000
QRC 11 63 136
QRC 7 30 608
QRC 6 80 152
QRC 2 93 354
QRC 10 38 266
QRC 11 64 186
QRC 12 28 465
QRC 3 27 644
QRC 2 94 151
QRC 6 81 156
QRC 5 25 1000
QRC 11 65 163
QRC 10 39 209
QRC 4 29 550
QRC 2 95 154
QRC 6 82 148
QRC 10 40 159
QRC 1 27 1000
QRC 2 96 187
QRC 11 66 262
QRC 0 25 1000
QRC 6 83 215
QRC 10 41 160
QRC 12 29 487
QRC 2 97 181
QRC 5 26 498
QRC 10 42 144
QRC 7 31 781
QRC 6 84 183
QRC 8 29 1000
QRC 13 26 1000
QRC 2 98 143
QRC 9 27 1000
QRC 11 67 382
QRC 6 85 221
QRC 2 99 134
Finished run 2 for QRC
QRC 10 43 388
QRC 3 28 989
QRC 6 86 171
QRC 12 30 527
QRC 11 68 256
QRC 7 32 508
QRC 13 27 467
QRC 4 30 1000
QRC 10 44 214
QRC 6 87 211
QRC 1 28 1000
QRC 6 88 151
QRC 10 45 185
QRC 0 26 1000
QRC 12 31 393
QRC 4 31 268
QRC 11 69 437
QRC 10 46 152
QRC 9 28 808
QRC 6 89 233
QRC 8 30 1000
QRC 7 33 535
QRC 5 27 1000
QRC 10 47 156
QRC 11 70 163
QRC 12 32 268
QRC 6 90 169
QRC 3 29 722
QRC 11 71 134
QRC 10 48 150
QRC 6 91 230
QRC 11 72 168
QRC 10 49 200
QRC 12 33 321
QRC 4 32 566
QRC 3 30 307
QRC 13 28 1000
QRC 7 34 485
QRC 6 92 155
QRC 11 73 161
QRC 10 50 147
QRC 6 93 159
QRC 12 34 239
QRC 11 74 138
QRC 10 51 145
QRC 1 29 1000
QRC 11 75 101
QRC 7 35 337
QRC 10 52 143
QRC 0 27 1000
QRC 4 33 408
QRC 9 29 1000
QRC 6 94 306
QRC 11 76 149
QRC 10 53 143
QRC 8 31 1000
QRC 12 35 273
QRC 11 77 106
QRC 5 28 1000
QRC 6 95 143
QRC 10 54 141
QRC 12 36 196
QRC 11 78 116
QRC 7 36 386
QRC 3 31 709
QRC 6 96 145
QRC 11 79 113
QRC 12 37 132
QRC 10 55 247
QRC 13 29 1000
QRC 11 80 119
QRC 12 38 159
QRC 10 56 160
QRC 11 81 141
QRC 12 39 137
QRC 4 34 757
QRC 7 37 495
QRC 11 82 167
QRC 6 97 558
QRC 10 57 275
QRC 1 30 1000
QRC 9 30 1000
QRC 11 83 107
QRC 12 40 260
QRC 7 38 226
QRC 6 98 146
QRC 0 28 1000
QRC 8 32 1000
QRC 11 84 226
QRC 5 29 1000
QRC 11 85 111
QRC 3 32 1000
QRC 12 41 389
QRC 6 99 431
Finished run 6 for QRC
QRC 11 86 179
QRC 7 39 529
QRC 13 30 1000
QRC 1 31 722
QRC 12 42 235
QRC 7 40 116
QRC 11 87 166
QRC 4 35 1000
QRC 3 33 441
QRC 7 41 163
QRC 11 88 161
QRC 10 58 1000
QRC 12 43 235
QRC 9 31 1000
QRC 7 42 148
QRC 11 89 139
QRC 0 29 1000
QRC 8 33 1000
QRC 7 43 161
QRC 11 90 177
QRC 3 34 415
QRC 4 36 423
QRC 7 44 107
QRC 5 30 1000
QRC 7 45 106
QRC 3 35 115
QRC 4 37 138
QRC 11 91 234
QRC 7 46 95
QRC 13 31 1000
QRC 12 44 651
QRC 11 92 154
QRC 3 36 234
QRC 7 47 187
QRC 1 32 1000
QRC 11 93 133
QRC 3 37 119
QRC 12 45 144
QRC 4 38 394
QRC 7 48 182
QRC 9 32 933
QRC 10 59 1000
QRC 12 46 140
QRC 11 94 150
QRC 7 49 185
QRC 8 34 1000
QRC 12 47 137
QRC 3 38 304
QRC 11 95 154
QRC 0 30 1000
QRC 7 50 142
QRC 12 48 108
QRC 9 33 381
QRC 11 96 151
QRC 3 39 178
QRC 10 60 383
QRC 7 51 147
QRC 12 49 132
QRC 5 31 1000
QRC 3 40 157
QRC 12 50 160
QRC 7 52 188
QRC 11 97 243
QRC 13 32 1000
QRC 3 41 139
QRC 7 53 95
QRC 11 98 89
QRC 10 61 340
QRC 12 51 128
QRC 4 39 784
QRC 5 32 331
QRC 7 54 136
QRC 10 62 118
QRC 1 33 1000
QRC 12 52 155
QRC 11 99 179
Finished run 11 for QRC
QRC 4 40 138
QRC 3 42 239
QRC 7 55 141
QRC 10 63 173
QRC 12 53 114
QRC 5 33 289
QRC 3 43 181
QRC 7 56 162
QRC 8 35 1000
QRC 4 41 250
QRC 10 64 167
QRC 12 54 163
QRC 7 57 94
QRC 5 34 149
QRC 0 31 1000
QRC 9 34 1000
QRC 10 65 171
QRC 12 55 187
QRC 7 58 156
QRC 4 42 217
QRC 3 44 280
QRC 5 35 226
QRC 7 59 155
QRC 10 66 245
QRC 13 33 1000
QRC 4 43 233
QRC 12 56 265
QRC 3 45 238
QRC 10 67 156
QRC 3 46 90
QRC 7 60 256
QRC 9 35 531
QRC 12 57 218
QRC 1 34 1000
QRC 10 68 164
QRC 3 47 167
QRC 7 61 164
QRC 10 69 161
QRC 5 36 518
QRC 12 58 168
QRC 3 48 155
QRC 8 36 1000
QRC 7 62 227
QRC 5 37 146
QRC 10 70 170
QRC 12 59 215
QRC 0 32 1000
QRC 4 44 664
QRC 5 38 133
QRC 3 49 234
QRC 10 71 156
QRC 12 60 169
QRC 3 50 153
QRC 5 39 186
QRC 10 72 170
QRC 13 34 1000
QRC 12 61 140
QRC 7 63 480
QRC 3 51 154
QRC 10 73 159
QRC 12 62 117
QRC 4 45 399
QRC 9 36 1000
QRC 7 64 197
QRC 5 40 288
QRC 10 74 147
QRC 3 52 192
QRC 12 63 164
QRC 1 35 1000
QRC 10 75 148
QRC 7 65 170
QRC 3 53 155
QRC 4 46 319
QRC 8 37 1000
QRC 7 66 119
QRC 5 41 325
QRC 10 76 190
QRC 3 54 159
QRC 12 64 324
QRC 4 47 155
QRC 0 33 1000
QRC 3 55 165
QRC 12 65 176
QRC 10 77 225
QRC 5 42 248
QRC 4 48 191
QRC 7 67 370
QRC 3 56 155
QRC 12 66 173
QRC 13 35 1000
QRC 3 57 151
QRC 10 78 314
QRC 7 68 230
QRC 9 37 1000
QRC 12 67 249
QRC 7 69 152
QRC 1 36 1000
QRC 10 79 218
QRC 4 49 572
QRC 10 80 144
QRC 7 70 220
QRC 5 43 682
QRC 8 38 1000
QRC 3 58 437
QRC 10 81 113
QRC 7 71 144
QRC 10 82 134
QRC 4 50 321
QRC 0 34 1000
QRC 7 72 154
QRC 5 44 293
QRC 10 83 110
QRC 3 59 312
QRC 9 38 698
QRC 13 36 1000
QRC 7 73 155
QRC 10 84 142
QRC 7 74 173
QRC 10 85 146
QRC 5 45 356
QRC 4 51 490
QRC 12 68 1000
QRC 7 75 168
QRC 3 60 429
QRC 10 86 204
QRC 5 46 154
QRC 1 37 1000
QRC 9 39 521
QRC 7 76 146
QRC 4 52 176
QRC 3 61 195
QRC 10 87 184
QRC 8 39 1000
QRC 5 47 239
QRC 12 69 326
QRC 4 53 192
QRC 10 88 160
QRC 3 62 203
QRC 7 77 289
QRC 5 48 141
QRC 9 40 337
QRC 12 70 145
QRC 4 54 150
QRC 0 35 1000
QRC 10 89 143
QRC 7 78 200
QRC 13 37 1000
QRC 4 55 150
QRC 5 49 213
QRC 10 90 165
QRC 12 71 236
QRC 5 50 141
QRC 4 56 159
QRC 3 63 418
QRC 10 91 159
QRC 12 72 158
QRC 7 79 249
QRC 5 51 147
QRC 9 41 502
QRC 3 64 129
QRC 4 57 150
QRC 10 92 116
QRC 7 80 117
QRC 12 73 157
QRC 1 38 1000
QRC 7 81 112
QRC 5 52 149
QRC 3 65 166
QRC 10 93 177
QRC 7 82 115
QRC 5 53 99
QRC 8 40 1000
QRC 7 83 87
QRC 9 42 338
QRC 10 94 151
QRC 4 58 353
QRC 3 66 233
QRC 5 54 155
QRC 10 95 96
QRC 7 84 162
QRC 4 59 163
QRC 0 36 1000
QRC 5 55 151
QRC 10 96 145
QRC 12 74 579
QRC 7 85 158
QRC 13 38 1000
QRC 9 43 341
QRC 3 67 282
QRC 5 56 165
QRC 10 97 155
QRC 7 86 148
QRC 3 68 164
QRC 10 98 142
QRC 5 57 169
QRC 9 44 241
QRC 7 87 156
QRC 4 60 449
QRC 10 99 146
Finished run 10 for QRC
QRC 3 69 178
QRC 5 58 155
QRC 1 39 1000
QRC 4 61 153
QRC 7 88 224
QRC 3 70 157
QRC 5 59 156
QRC 9 45 292
QRC 12 75 585
QRC 8 41 1000
QRC 7 89 120
QRC 5 60 117
QRC 3 71 162
QRC 12 76 139
QRC 4 62 276
QRC 7 90 153
QRC 3 72 119
QRC 5 61 145
QRC 9 46 317
QRC 0 37 1000
QRC 5 62 113
QRC 3 73 122
QRC 7 91 152
QRC 13 39 1000
QRC 5 63 110
QRC 3 74 141
QRC 12 77 407
QRC 7 92 169
QRC 7 93 158
QRC 3 75 227
QRC 5 64 295
QRC 12 78 240
QRC 4 63 646
QRC 3 76 120
QRC 7 94 147
QRC 1 40 1000
QRC 7 95 110
QRC 3 77 116
QRC 9 47 699
QRC 4 64 163
QRC 12 79 228
QRC 5 65 251
QRC 8 42 1000
QRC 7 96 166
QRC 3 78 200
QRC 7 97 149
QRC 3 79 127
QRC 12 80 301
QRC 0 38 1000
QRC 5 66 375
QRC 4 65 415
QRC 13 40 1000
QRC 7 98 174
QRC 3 80 155
QRC 4 66 154
QRC 3 81 123
QRC 7 99 137
Finished run 7 for QRC
QRC 12 81 384
QRC 4 67 151
QRC 3 82 134
QRC 3 83 171
QRC 1 41 1000
QRC 5 67 530
QRC 9 48 1000
QRC 4 68 295
QRC 3 84 120
QRC 8 43 1000
QRC 12 82 407
QRC 3 85 106
QRC 3 86 159
QRC 5 68 389
QRC 0 39 1000
QRC 12 83 241
QRC 3 87 117
QRC 13 41 1000
QRC 5 69 172
QRC 4 69 489
QRC 3 88 142
QRC 12 84 217
QRC 5 70 123
QRC 4 70 143
QRC 12 85 124
QRC 3 89 159
QRC 9 49 723
QRC 4 71 145
QRC 3 90 118
QRC 5 71 289
QRC 1 42 1000
QRC 12 86 236
QRC 4 72 152
QRC 3 91 170
QRC 8 44 1000
QRC 5 72 195
QRC 12 87 162
QRC 4 73 147
QRC 9 50 383
QRC 3 92 156
QRC 12 88 148
QRC 4 74 144
QRC 5 73 191
QRC 3 93 138
QRC 0 40 1000
QRC 12 89 146
QRC 4 75 150
QRC 3 94 113
QRC 13 42 1000
QRC 5 74 228
QRC 12 90 137
QRC 3 95 178
QRC 4 76 207
QRC 5 75 140
QRC 12 91 141
QRC 3 96 159
QRC 4 77 150
QRC 12 92 150
QRC 5 76 157
QRC 3 97 137
QRC 1 43 1000
QRC 5 77 146
QRC 12 93 155
QRC 3 98 152
QRC 8 45 1000
QRC 5 78 137
QRC 9 51 1000
QRC 12 94 144
QRC 3 99 158
Finished run 3 for QRC
QRC 5 79 110
QRC 4 78 446
QRC 12 95 145
QRC 5 80 111
QRC 0 41 1000
QRC 4 79 151
QRC 12 96 145
QRC 5 81 91
QRC 13 43 1000
QRC 4 80 146
QRC 5 82 149
QRC 12 97 161
QRC 4 81 144
QRC 9 52 569
QRC 5 83 136
QRC 4 82 143
QRC 5 84 109
QRC 9 53 172
QRC 1 44 1000
QRC 5 85 156
QRC 9 54 176
QRC 8 46 1000
QRC 5 86 145
QRC 9 55 111
QRC 5 87 142
QRC 9 56 163
QRC 0 42 1000
QRC 5 88 111
QRC 4 83 618
QRC 13 44 1000
QRC 12 98 874
QRC 9 57 170
QRC 5 89 145
QRC 9 58 162
QRC 5 90 146
QRC 12 99 265
Finished run 12 for QRC
QRC 4 84 425
QRC 5 91 196
QRC 1 45 1000
QRC 4 85 155
QRC 5 92 151
QRC 9 59 402
QRC 8 47 1000
QRC 4 86 144
QRC 5 93 158
QRC 9 60 171
QRC 0 43 1000
QRC 5 94 226
QRC 13 45 1000
QRC 9 61 310
QRC 5 95 160
QRC 4 87 491
QRC 5 96 138
QRC 4 88 143
QRC 9 62 376
QRC 5 97 221
QRC 1 46 1000
QRC 4 89 197
QRC 5 98 116
QRC 8 48 1000
QRC 9 63 170
QRC 4 90 148
QRC 5 99 116
Finished run 5 for QRC
QRC 4 91 152
QRC 0 44 1000
QRC 4 92 111
QRC 9 64 362
QRC 13 46 1000
QRC 4 93 148
QRC 9 65 163
QRC 4 94 113
QRC 4 95 239
QRC 1 47 1000
QRC 8 49 1000
QRC 4 96 188
QRC 9 66 632
QRC 4 97 147
QRC 0 45 1000
QRC 13 47 1000
QRC 4 98 231
QRC 4 99 133
Finished run 4 for QRC
QRC 9 67 557
QRC 1 48 1000
QRC 9 68 183
QRC 8 50 1000
QRC 9 69 233
QRC 9 70 140
QRC 0 46 1000
QRC 13 48 1000
QRC 9 71 137
QRC 9 72 216
QRC 9 73 141
QRC 1 49 1000
QRC 8 51 1000
QRC 9 74 273
QRC 9 75 207
QRC 0 47 1000
QRC 13 49 1000
QRC 9 76 148
QRC 9 77 157
QRC 9 78 156
QRC 1 50 980
QRC 8 52 1000
QRC 9 79 304
QRC 9 80 213
QRC 0 48 1000
QRC 13 50 1000
QRC 9 81 521
QRC 1 51 1000
QRC 9 82 146
QRC 8 53 1000
QRC 9 83 196
QRC 0 49 1000
QRC 9 84 210
QRC 13 51 1000
QRC 9 85 171
QRC 9 86 149
QRC 9 87 121
QRC 1 52 1000
QRC 9 88 183
QRC 8 54 1000
QRC 9 89 140
QRC 9 90 153
QRC 0 50 1000
QRC 13 52 1000
QRC 9 91 169
QRC 9 92 146
QRC 9 93 159
QRC 9 94 124
QRC 1 53 1000
QRC 9 95 151
QRC 8 55 1000
QRC 9 96 130
QRC 9 97 158
QRC 0 51 1000
QRC 13 53 1000
QRC 9 98 149
QRC 9 99 183
Finished run 9 for QRC
QRC 1 54 1000
QRC 8 56 1000
QRC 0 52 1000
QRC 13 54 1000
QRC 1 55 1000
QRC 8 57 1000
QRC 13 55 721
QRC 0 53 1000
QRC 1 56 757
QRC 1 57 270
QRC 8 58 1000
QRC 13 56 1000
QRC 0 54 1000
QRC 8 59 758
QRC 1 58 1000
QRC 13 57 1000
QRC 0 55 1000
QRC 8 60 1000
QRC 1 59 1000
QRC 13 58 1000
QRC 0 56 1000
QRC 8 61 1000
QRC 1 60 1000
QRC 13 59 1000
QRC 0 57 1000
QRC 1 61 662
QRC 8 62 1000
QRC 13 60 852
QRC 1 62 505
QRC 0 58 1000
QRC 1 63 344
QRC 8 63 1000
QRC 13 61 1000
QRC 0 59 1000
QRC 1 64 1000
QRC 8 64 1000
QRC 13 62 1000
QRC 0 60 1000
QRC 1 65 1000
QRC 8 65 1000
QRC 13 63 1000
QRC 0 61 1000
QRC 1 66 1000
QRC 8 66 1000
QRC 13 64 1000
QRC 0 62 1000
QRC 1 67 1000
QRC 8 67 1000
QRC 13 65 990
QRC 0 63 1000
QRC 1 68 1000
QRC 8 68 1000
QRC 13 66 1000
QRC 0 64 1000
QRC 1 69 1000
QRC 8 69 1000
QRC 13 67 1000
QRC 0 65 1000
QRC 1 70 1000
QRC 8 70 666
QRC 13 68 1000
QRC 0 66 1000
QRC 1 71 1000
QRC 8 71 1000
QRC 13 69 1000
QRC 0 67 1000
QRC 1 72 1000
QRC 8 72 1000
QRC 13 70 655
QRC 8 73 423
QRC 13 71 321
QRC 0 68 1000
QRC 8 74 445
QRC 1 73 1000
QRC 8 75 527
QRC 13 72 1000
QRC 0 69 1000
QRC 1 74 1000
QRC 8 76 1000
QRC 13 73 1000
QRC 0 70 1000
QRC 1 75 1000
QRC 13 74 869
QRC 8 77 1000
QRC 13 75 434
QRC 0 71 1000
QRC 1 76 1000
QRC 8 78 575
QRC 13 76 289
QRC 8 79 518
QRC 13 77 550
QRC 13 78 120
QRC 0 72 1000
QRC 1 77 1000
QRC 13 79 357
QRC 8 80 914
QRC 13 80 451
QRC 0 73 1000
QRC 1 78 1000
QRC 13 81 572
QRC 8 81 1000
QRC 13 82 311
QRC 8 82 123
QRC 13 83 220
QRC 0 74 1000
QRC 1 79 1000
QRC 13 84 366
QRC 13 85 165
QRC 13 86 280
QRC 8 83 1000
QRC 13 87 191
QRC 0 75 1000
QRC 1 80 1000
QRC 13 88 292
QRC 13 89 158
QRC 8 84 1000
QRC 13 90 516
QRC 13 91 111
QRC 0 76 1000
QRC 8 85 345
QRC 13 92 174
QRC 1 81 1000
QRC 13 93 156
QRC 13 94 169
QRC 13 95 147
QRC 13 96 165
QRC 13 97 143
QRC 8 86 1000
QRC 0 77 1000
QRC 13 98 183
QRC 1 82 1000
QRC 13 99 198
Finished run 13 for QRC
QRC 8 87 1000
QRC 0 78 1000
QRC 1 83 1000
QRC 8 88 1000
QRC 0 79 1000
QRC 1 84 1000
QRC 8 89 692
QRC 0 80 1000
QRC 1 85 1000
QRC 0 81 548
QRC 8 90 1000
QRC 1 86 1000
QRC 0 82 1000
QRC 8 91 1000
QRC 1 87 1000
QRC 0 83 1000
QRC 8 92 1000
QRC 1 88 1000
QRC 0 84 568
QRC 8 93 1000
QRC 0 85 582
QRC 8 94 241
QRC 1 89 1000
QRC 8 95 600
QRC 0 86 1000
QRC 8 96 407
QRC 1 90 1000
QRC 8 97 293
QRC 8 98 178
QRC 8 99 248
Finished run 8 for QRC
QRC 0 87 1000
QRC 1 91 1000
QRC 0 88 1000
QRC 1 92 1000
QRC 0 89 1000
QRC 1 93 1000
QRC 0 90 663
QRC 1 94 1000
QRC 0 91 1000
QRC 1 95 1000
QRC 0 92 1000
QRC 0 93 723
QRC 1 96 1000
QRC 0 94 701
QRC 1 97 1000
QRC 0 95 1000
QRC 1 98 1000
QRC 0 96 1000
QRC 1 99 1000
Finished run 1 for QRC
QRC 0 97 1000
QRC 0 98 859
QRC 0 99 842
Finished run 0 for QRC
QC 2 0 418
QC 9 0 789
QC 8 0 1000
QC 0 0 1000
QC 7 0 1000
QC 5 0 1000
QC 4 0 1000
QC 1 0 1000
QC 10 0 1000
QC 11 0 1000
QC 13 0 1000
QC 12 0 1000
QC 6 0 1000
QC 3 0 1000
QC 2 1 1000
QC 9 1 1000
QC 8 1 1000
QC 4 1 1000
QC 0 1 1000
QC 5 1 1000
QC 7 1 1000
QC 10 1 1000
QC 13 1 1000
QC 11 1 1000
QC 1 1 1000
QC 12 1 1000
QC 6 1 1000
QC 3 1 1000
QC 2 2 1000
QC 9 2 1000
QC 4 2 1000
QC 8 2 1000
QC 0 2 1000
QC 5 2 1000
QC 13 2 1000
QC 11 2 1000
QC 1 2 1000
QC 10 2 1000
QC 12 2 1000
QC 6 2 1000
QC 7 2 1000
QC 3 2 1000
QC 2 3 1000
QC 9 3 968
QC 8 3 1000
QC 4 3 1000
QC 0 3 1000
QC 13 3 1000
QC 11 3 1000
QC 5 3 1000
QC 12 3 1000
QC 1 3 1000
QC 7 3 1000
QC 10 3 1000
QC 6 3 1000
QC 3 3 1000
QC 8 4 249
QC 8 5 221
QC 2 4 1000
QC 9 4 1000
QC 4 4 1000
QC 13 4 1000
QC 11 4 1000
QC 0 4 1000
QC 12 4 1000
QC 5 4 1000
QC 1 4 1000
QC 7 4 1000
QC 6 4 1000
QC 10 4 1000
QC 3 4 1000
QC 8 6 1000
QC 2 5 1000
QC 9 5 1000
QC 4 5 1000
QC 13 5 1000
QC 11 5 1000
QC 12 5 1000
QC 0 5 1000
QC 5 5 1000
QC 6 5 1000
QC 1 5 1000
QC 10 5 1000
QC 3 5 1000
QC 7 5 1000
QC 2 6 827
QC 2 7 122
QC 8 7 1000
QC 9 6 1000
QC 4 6 1000
QC 13 6 1000
QC 3 6 1000
QC 11 6 1000
QC 12 6 1000
QC 0 6 1000
QC 1 6 1000
QC 5 6 1000
QC 10 6 1000
QC 7 6 1000
QC 6 6 1000
QC 2 8 784
QC 8 8 1000
QC 9 7 1000
QC 4 7 1000
QC 13 7 1000
QC 3 7 1000
QC 11 7 1000
QC 12 7 1000
QC 1 7 1000
QC 5 7 1000
QC 7 7 1000
QC 10 7 1000
QC 0 7 1000
QC 6 7 1000
QC 2 9 1000
QC 8 9 1000
QC 9 8 1000
QC 4 8 1000
QC 13 8 1000
QC 3 8 1000
QC 11 8 1000
QC 5 8 1000
QC 12 8 1000
QC 1 8 1000
QC 7 8 1000
QC 6 8 1000
QC 10 8 1000
QC 0 8 1000
QC 2 10 1000
QC 8 10 1000
QC 9 9 1000
QC 4 9 1000
QC 13 9 1000
QC 5 9 1000
QC 11 9 1000
QC 3 9 1000
QC 6 9 1000
QC 10 9 1000
QC 1 9 1000
QC 12 9 1000
QC 7 9 1000
QC 0 9 1000
QC 2 11 1000
QC 8 11 1000
QC 13 10 557
QC 11 10 549
QC 6 10 581
QC 9 10 1000
QC 4 10 1000
QC 5 10 1000
QC 11 11 447
QC 3 10 1000
QC 10 10 1000
QC 1 10 1000
QC 12 10 1000
QC 7 10 1000
QC 0 10 1000
QC 6 11 523
QC 2 12 1000
QC 11 12 291
QC 13 11 811
QC 8 12 1000
QC 6 12 613
QC 9 11 1000
QC 4 11 1000
QC 5 11 1000
QC 10 11 1000
QC 3 11 1000
QC 1 11 1000
QC 12 11 1000
QC 7 11 1000
QC 0 11 1000
QC 2 13 1000
QC 11 13 1000
QC 13 12 1000
QC 8 13 1000
QC 6 13 961
QC 9 12 1000
QC 4 12 1000
QC 5 12 1000
QC 6 14 293
QC 10 12 1000
QC 3 12 1000
QC 1 12 1000
QC 12 12 1000
QC 7 12 1000
QC 0 12 1000
QC 2 14 1000
QC 11 14 1000
QC 13 13 1000
QC 8 14 1000
QC 6 15 464
QC 6 16 382
QC 4 13 1000
QC 9 13 1000
QC 5 13 938
QC 10 13 1000
QC 3 13 1000
QC 1 13 1000
QC 12 13 1000
QC 7 13 1000
QC 0 13 1000
QC 11 15 1000
QC 13 14 1000
QC 2 15 1000
QC 8 15 1000
QC 6 17 776
QC 4 14 1000
QC 5 14 1000
QC 9 14 1000
QC 10 14 1000
QC 3 14 985
QC 1 14 1000
QC 12 14 1000
QC 7 14 1000
QC 6 18 543
QC 0 14 1000
QC 11 16 1000
QC 13 15 1000
QC 8 16 1000
QC 2 16 1000
QC 4 15 713
QC 6 19 529
QC 5 15 884
QC 9 15 1000
QC 10 15 1000
QC 6 20 351
QC 2 17 711
QC 3 15 1000
QC 1 15 1000
QC 12 15 1000
QC 2 18 114
QC 7 15 1000
QC 11 17 1000
QC 0 15 1000
QC 6 21 246
QC 13 16 1000
QC 2 19 118
QC 8 17 1000
QC 2 20 118
QC 4 16 1000
QC 2 21 183
QC 2 22 115
QC 5 16 1000
QC 6 22 588
QC 3 16 775
QC 2 23 186
QC 10 16 1000
QC 9 16 1000
QC 1 16 1000
QC 11 18 1000
QC 8 18 926
QC 12 16 1000
QC 2 24 283
QC 3 17 292
QC 13 17 1000
QC 7 16 1000
QC 0 16 1000
QC 2 25 156
QC 4 17 1000
QC 3 18 311
QC 2 26 155
QC 13 18 414
QC 5 17 1000
QC 3 19 299
QC 6 23 1000
QC 10 17 1000
QC 4 18 458
QC 9 17 1000
QC 3 20 203
QC 8 19 1000
QC 11 19 1000
QC 1 17 1000
QC 12 17 1000
QC 3 21 206
QC 7 17 1000
QC 0 17 1000
QC 3 22 138
QC 6 24 643
QC 2 27 971
QC 3 23 154
QC 13 19 1000
QC 5 18 1000
QC 3 24 155
QC 8 20 662
QC 10 18 1000
QC 3 25 227
QC 4 19 1000
QC 9 18 1000
QC 2 28 489
QC 3 26 140
QC 11 20 1000
QC 1 18 1000
QC 12 18 1000
QC 6 25 760
QC 7 18 1000
QC 2 29 298
QC 0 18 1000
QC 2 30 136
QC 3 27 388
QC 2 31 136
QC 13 20 1000
QC 5 19 1000
QC 2 32 185
QC 8 21 1000
QC 10 19 1000
QC 4 20 1000
QC 9 19 1000
QC 2 33 222
QC 11 21 1000
QC 1 19 1000
QC 12 19 1000
QC 6 26 1000
QC 7 19 1000
QC 0 19 1000
QC 3 28 1000
QC 12 20 328
QC 13 21 1000
QC 5 20 1000
QC 8 22 1000
QC 10 20 1000
QC 2 34 936
QC 9 20 1000
QC 4 21 1000
QC 6 27 900
QC 11 22 1000
QC 2 35 259
QC 1 20 1000
QC 7 20 1000
QC 4 22 371
QC 2 36 138
QC 0 20 1000
QC 3 29 1000
QC 2 37 151
QC 12 21 1000
QC 6 28 439
QC 5 21 1000
QC 13 22 1000
QC 2 38 145
QC 4 23 424
QC 8 23 1000
QC 3 30 334
QC 10 21 1000
QC 9 21 1000
QC 2 39 306
QC 11 23 1000
QC 2 40 160
QC 3 31 386
QC 1 21 1000
QC 7 21 1000
QC 0 21 1000
QC 6 29 1000
QC 13 23 994
QC 12 22 1000
QC 5 22 1000
QC 3 32 440
QC 4 24 1000
QC 8 24 1000
QC 10 22 1000
QC 9 22 1000
QC 3 33 303
QC 11 24 1000
QC 13 24 568
QC 2 41 1000
QC 1 22 1000
QC 7 22 1000
QC 8 25 629
QC 0 22 1000
QC 3 34 434
QC 6 30 1000
QC 12 23 1000
QC 5 23 1000
QC 4 25 1000
QC 2 42 561
QC 5 24 197
QC 10 23 1000
QC 9 23 1000
QC 2 43 193
QC 11 25 1000
QC 13 25 1000
QC 2 44 220
QC 1 23 1000
QC 7 23 1000
QC 3 35 945
QC 8 26 1000
QC 2 45 278
QC 0 23 1000
QC 11 26 360
QC 6 31 1000
QC 3 36 161
QC 2 46 146
QC 12 24 1000
QC 4 26 1000
QC 3 37 135
QC 5 25 1000
QC 2 47 174
QC 10 24 1000
QC 9 24 1000
QC 13 26 1000
QC 2 48 383
QC 1 24 1000
QC 8 27 1000
QC 7 24 1000
QC 11 27 1000
QC 0 24 1000
QC 6 32 1000
QC 3 38 861
QC 12 25 1000
QC 4 27 1000
QC 5 26 1000
QC 2 49 685
QC 10 25 1000
QC 13 27 800
QC 9 25 983
QC 2 50 147
QC 11 28 769
QC 3 39 632
QC 13 28 318
QC 1 25 1000
QC 8 28 1000
QC 7 25 1000
QC 2 51 373
QC 0 25 1000
QC 6 33 1000
QC 2 52 164
QC 12 26 1000
QC 4 28 1000
QC 2 53 129
QC 3 40 478
QC 5 27 1000
QC 10 26 1000
QC 2 54 174
QC 3 41 190
QC 9 26 978
QC 2 55 253
QC 11 29 1000
QC 13 29 1000
QC 8 29 1000
QC 1 26 1000
QC 7 26 1000
QC 6 34 1000
QC 0 26 1000
QC 2 56 446
QC 12 27 1000
QC 3 42 731
QC 4 29 1000
QC 5 28 1000
QC 10 27 1000
QC 9 27 1000
QC 2 57 435
QC 3 43 514
QC 11 30 1000
QC 13 30 1000
QC 2 58 193
QC 8 30 1000
QC 11 31 158
QC 3 44 215
QC 1 27 1000
QC 7 27 1000
QC 2 59 187
QC 11 32 120
QC 6 35 1000
QC 0 27 1000
QC 11 33 115
QC 12 28 1000
QC 4 30 1000
QC 5 29 1000
QC 3 45 397
QC 10 28 1000
QC 9 28 1000
QC 3 46 277
QC 2 60 648
QC 11 34 611
QC 13 31 1000
QC 2 61 168
QC 8 31 1000
QC 3 47 245
QC 12 29 678
QC 11 35 200
QC 1 28 1000
QC 7 28 1000
QC 2 62 236
QC 6 36 1000
QC 3 48 203
QC 0 28 1000
QC 4 31 1000
QC 2 63 185
QC 5 30 1000
QC 10 29 1000
QC 2 64 159
QC 2 65 91
QC 3 49 441
QC 9 29 1000
QC 2 66 188
QC 13 32 1000
QC 3 50 252
QC 8 32 1000
QC 2 67 173
QC 12 30 1000
QC 11 36 1000
QC 1 29 1000
QC 7 29 1000
QC 2 68 162
QC 3 51 264
QC 9 30 473
QC 6 37 1000
QC 0 29 1000
QC 4 32 1000
QC 2 69 170
QC 9 31 189
QC 5 31 1000
QC 10 30 1000
QC 2 70 166
QC 3 52 336
QC 9 32 255
QC 2 71 201
QC 3 53 294
QC 13 33 1000
QC 2 72 154
QC 4 33 637
QC 8 33 1000
QC 11 37 1000
QC 12 31 1000
QC 2 73 214
QC 1 30 1000
QC 3 54 318
QC 7 30 1000
QC 5 32 788
QC 6 38 1000
QC 2 74 163
QC 0 30 1000
QC 3 55 151
QC 2 75 161
QC 10 31 1000
QC 3 56 170
QC 3 57 127
QC 2 76 213
QC 9 33 1000
QC 2 77 96
QC 13 34 1000
QC 4 34 1000
QC 8 34 1000
QC 2 78 177
QC 9 34 325
QC 11 38 1000
QC 3 58 402
QC 12 32 1000
QC 2 79 159
QC 5 33 1000
QC 1 31 1000
QC 9 35 148
QC 6 39 1000
QC 7 31 1000
QC 3 59 212
QC 2 80 171
QC 0 31 1000
QC 2 81 112
QC 9 36 292
QC 10 32 1000
QC 3 60 242
QC 2 82 144
QC 3 61 117
QC 2 83 121
QC 3 62 111
QC 9 37 309
QC 13 35 1000
QC 2 84 178
QC 3 63 148
QC 4 35 1000
QC 8 35 1000
QC 3 64 114
QC 2 85 160
QC 11 39 1000
QC 12 33 1000
QC 11 40 117
QC 5 34 1000
QC 3 65 155
QC 1 32 1000
QC 2 86 160
QC 6 40 1000
QC 7 32 1000
QC 9 38 487
QC 3 66 150
QC 2 87 143
QC 0 32 1000
QC 2 88 149
QC 10 33 1000
QC 2 89 150
QC 3 67 358
QC 2 90 127
QC 13 36 1000
QC 3 68 166
QC 4 36 1000
QC 2 91 158
QC 8 36 1000
QC 3 69 140
QC 12 34 976
QC 2 92 173
QC 11 41 1000
QC 5 35 1000
QC 3 70 160
QC 6 41 1000
QC 1 33 1000
QC 7 33 1000
QC 9 39 1000
QC 2 93 241
QC 0 33 1000
QC 10 34 1000
QC 2 94 155
QC 3 71 421
QC 2 95 126
QC 2 96 126
QC 11 42 673
QC 13 37 1000
QC 4 37 1000
QC 3 72 276
QC 8 37 1000
QC 2 97 193
QC 12 35 1000
QC 3 73 227
QC 5 36 1000
QC 2 98 163
QC 6 42 1000
QC 1 34 1000
QC 7 34 1000
QC 2 99 152
Finished run 2 for QC
QC 9 40 1000
QC 0 34 1000
QC 10 35 1000
QC 3 74 362
QC 11 43 1000
QC 13 38 1000
QC 3 75 318
QC 4 38 1000
QC 8 38 1000
QC 5 37 1000
QC 11 44 342
QC 3 76 290
QC 12 36 1000
QC 6 43 1000
QC 1 35 1000
QC 7 35 1000
QC 9 41 1000
QC 0 35 1000
QC 10 36 1000
QC 3 77 452
QC 13 39 1000
QC 4 39 1000
QC 3 78 324
QC 8 39 1000
QC 5 38 1000
QC 12 37 1000
QC 11 45 1000
QC 6 44 1000
QC 3 79 255
QC 1 36 1000
QC 7 36 1000
QC 9 42 1000
QC 0 36 1000
QC 10 37 1000
QC 3 80 347
QC 11 46 503
QC 3 81 193
QC 13 40 1000
QC 4 40 1000
QC 8 40 1000
QC 5 39 1000
QC 6 45 1000
QC 3 82 393
QC 12 38 1000
QC 1 37 1000
QC 7 37 1000
QC 9 43 1000
QC 3 83 290
QC 10 38 1000
QC 0 37 1000
QC 11 47 1000
QC 3 84 219
QC 4 41 1000
QC 13 41 1000
QC 3 85 243
QC 8 41 1000
QC 5 40 1000
QC 6 46 1000
QC 3 86 253
QC 12 39 1000
QC 1 38 1000
QC 7 38 1000
QC 3 87 227
QC 9 44 1000
QC 10 39 1000
QC 0 38 1000
QC 11 48 1000
QC 3 88 270
QC 4 42 1000
QC 13 42 1000
QC 8 42 1000
QC 3 89 245
QC 5 41 1000
QC 6 47 1000
QC 12 40 1000
QC 3 90 286
QC 1 39 1000
QC 7 39 1000
QC 9 45 1000
QC 10 40 1000
QC 3 91 276
QC 0 39 1000
QC 11 49 977
QC 6 48 682
QC 13 43 1000
QC 4 43 1000
QC 3 92 279
QC 8 43 1000
QC 5 42 1000
QC 3 93 236
QC 12 41 1000
QC 1 40 1000
QC 7 40 1000
QC 10 41 1000
QC 9 46 1000
QC 11 50 1000
QC 0 40 1000
QC 3 94 594
QC 4 44 1000
QC 13 44 1000
QC 6 49 1000
QC 8 44 1000
QC 3 95 250
QC 5 43 1000
QC 3 96 342
QC 12 42 1000
QC 1 41 1000
QC 10 42 1000
QC 7 41 1000
QC 9 47 1000
QC 11 51 1000
QC 3 97 281
QC 0 41 1000
QC 3 98 112
QC 4 45 1000
QC 13 45 1000
QC 6 50 1000
QC 8 45 1000
QC 3 99 208
Finished run 3 for QC
QC 5 44 1000
QC 12 43 1000
QC 11 52 838
QC 10 43 1000
QC 1 42 1000
QC 7 42 1000
QC 9 48 1000
QC 0 42 1000
QC 11 53 356
QC 4 46 1000
QC 13 46 1000
QC 6 51 1000
QC 8 46 1000
QC 5 45 1000
QC 12 44 1000
QC 10 44 1000
QC 1 43 1000
QC 7 43 1000
QC 9 49 1000
QC 0 43 1000
QC 4 47 1000
QC 11 54 1000
QC 6 52 1000
QC 13 47 1000
QC 8 47 1000
QC 5 46 1000
QC 12 45 1000
QC 10 45 1000
QC 1 44 1000
QC 7 44 1000
QC 9 50 1000
QC 0 44 1000
QC 4 48 1000
QC 11 55 1000
QC 13 48 1000
QC 6 53 1000
QC 8 48 1000
QC 5 47 1000
QC 11 56 603
QC 12 46 1000
QC 10 46 1000
QC 1 45 1000
QC 7 45 1000
QC 9 51 1000
QC 4 49 1000
QC 0 45 1000
QC 13 49 1000
QC 6 54 1000
QC 8 49 1000
QC 5 48 1000
QC 11 57 1000
QC 6 55 636
QC 10 47 1000
QC 12 47 1000
QC 1 46 1000
QC 7 46 1000
QC 9 52 1000
QC 4 50 901
QC 13 50 1000
QC 0 46 1000
QC 8 50 1000
QC 5 49 1000
QC 6 56 652
QC 7 47 527
QC 11 58 1000
QC 10 48 1000
QC 12 48 1000
QC 6 57 420
QC 1 47 1000
QC 4 51 1000
QC 9 53 1000
QC 13 51 1000
QC 8 51 934
QC 0 47 1000
QC 11 59 523
QC 5 50 1000
QC 6 58 618
QC 7 48 1000
QC 11 60 472
QC 10 49 1000
QC 12 49 1000
QC 1 48 1000
QC 4 52 1000
QC 9 54 1000
QC 13 52 1000
QC 7 49 575
QC 8 52 1000
QC 0 48 1000
QC 5 51 1000
QC 6 59 1000
QC 11 61 1000
QC 10 50 1000
QC 6 60 302
QC 12 50 1000
QC 4 53 1000
QC 1 49 1000
QC 9 55 1000
QC 6 61 339
QC 13 53 1000
QC 8 53 1000
QC 7 50 1000
QC 0 49 1000
QC 4 54 359
QC 5 52 1000
QC 7 51 499
QC 11 62 1000
QC 10 51 1000
QC 12 51 1000
QC 1 50 1000
QC 9 56 1000
QC 6 62 1000
QC 13 54 1000
QC 8 54 1000
QC 0 50 1000
QC 7 52 641
QC 4 55 1000
QC 5 53 1000
QC 8 55 445
QC 11 63 1000
QC 10 52 1000
QC 12 52 1000
QC 0 51 635
QC 7 53 628
QC 1 51 1000
QC 6 63 1000
QC 9 57 1000
QC 13 55 1000
QC 5 54 863
QC 4 56 1000
QC 6 64 306
QC 0 52 510
QC 8 56 903
QC 11 64 1000
QC 10 53 1000
QC 0 53 274
QC 12 53 1000
QC 7 54 1000
QC 13 56 866
QC 1 52 1000
QC 9 58 1000
QC 11 65 539
QC 5 55 1000
QC 4 57 1000
QC 0 54 620
QC 6 65 1000
QC 8 57 970
QC 10 54 1000
QC 7 55 677
QC 4 58 404
QC 12 54 1000
QC 8 58 526
QC 13 57 1000
QC 5 56 783
QC 1 53 1000
QC 6 66 690
QC 9 59 1000
QC 11 66 1000
QC 8 59 230
QC 0 55 919
QC 7 56 876
QC 5 57 581
QC 6 67 483
QC 10 55 1000
QC 4 59 1000
QC 6 68 273
QC 12 55 1000
QC 13 58 1000
QC 1 54 1000
QC 8 60 960
QC 9 60 1000
QC 11 67 1000
QC 0 56 1000
QC 6 69 492
QC 7 57 805
QC 5 58 1000
QC 10 56 1000
QC 4 60 1000
QC 8 61 568
QC 13 59 1000
QC 12 56 1000
QC 1 55 1000
QC 9 61 1000
QC 11 68 1000
QC 7 58 797
QC 6 70 1000
QC 0 57 1000
QC 11 69 270
QC 5 59 1000
QC 10 57 1000
QC 4 61 1000
QC 7 59 485
QC 8 62 1000
QC 13 60 1000
QC 12 57 1000
QC 1 56 1000
QC 9 62 1000
QC 11 70 752
QC 6 71 991
QC 0 58 1000
QC 5 60 1000
QC 7 60 815
QC 10 58 1000
QC 4 62 1000
QC 8 63 1000
QC 13 61 1000
QC 12 58 1000
QC 1 57 1000
QC 6 72 837
QC 11 71 1000
QC 9 63 1000
QC 8 64 501
QC 0 59 1000
QC 5 61 1000
QC 7 61 1000
QC 10 59 1000
QC 4 63 1000
QC 13 62 774
QC 8 65 482
QC 12 59 1000
QC 6 73 1000
QC 1 58 1000
QC 8 66 475
QC 11 72 1000
QC 9 64 1000
QC 8 67 202
QC 0 60 1000
QC 13 63 774
QC 5 62 1000
QC 7 62 1000
QC 10 60 1000
QC 4 64 1000
QC 8 68 549
QC 12 60 1000
QC 6 74 1000
QC 11 73 1000
QC 1 59 1000
QC 9 65 1000
QC 13 64 1000
QC 5 63 1000
QC 0 61 1000
QC 8 69 624
QC 7 63 1000
QC 10 61 1000
QC 4 65 1000
QC 12 61 1000
QC 6 75 1000
QC 11 74 1000
QC 1 60 1000
QC 9 66 1000
QC 7 64 647
QC 13 65 1000
QC 5 64 1000
QC 0 62 1000
QC 8 70 1000
QC 10 62 1000
QC 4 66 1000
QC 8 71 498
QC 12 62 1000
QC 6 76 1000
QC 11 75 1000
QC 1 61 1000
QC 9 67 1000
QC 7 65 1000
QC 13 66 1000
QC 5 65 1000
QC 0 63 1000
QC 6 77 479
QC 10 63 1000
QC 4 67 1000
QC 8 72 1000
QC 11 76 1000
QC 12 63 1000
QC 6 78 546
QC 1 62 1000
QC 9 68 1000
QC 7 66 1000
QC 5 66 976
QC 13 67 1000
QC 0 64 1000
QC 10 64 1000
QC 4 68 1000
QC 6 79 601
QC 8 73 1000
QC 11 77 1000
QC 12 64 1000
QC 1 63 1000
QC 9 69 1000
QC 7 67 1000
QC 6 80 622
QC 5 67 1000
QC 13 68 1000
QC 4 69 828
QC 6 81 145
QC 0 65 1000
QC 8 74 618
QC 10 65 1000
QC 11 78 517
QC 6 82 482
QC 12 65 1000
QC 9 70 1000
QC 1 64 1000
QC 11 79 641
QC 7 68 1000
QC 6 83 376
QC 5 68 1000
QC 4 70 1000
QC 13 69 1000
QC 10 66 1000
QC 8 75 1000
QC 0 66 1000
QC 6 84 261
QC 12 66 1000
QC 11 80 1000
QC 9 71 1000
QC 1 65 1000
QC 7 69 1000
QC 5 69 1000
QC 4 71 1000
QC 13 70 1000
QC 8 76 901
QC 10 67 1000
QC 0 67 1000
QC 6 85 1000
QC 11 81 470
QC 12 67 1000
QC 9 72 1000
QC 1 66 1000
QC 7 70 1000
QC 5 70 1000
QC 13 71 1000
QC 4 72 1000
QC 8 77 1000
QC 10 68 1000
QC 6 86 1000
QC 0 68 1000
QC 11 82 1000
QC 8 78 270
QC 6 87 177
QC 12 68 1000
QC 9 73 1000
QC 1 67 1000
QC 7 71 1000
QC 5 71 1000
QC 13 72 1000
QC 4 73 1000
QC 10 69 1000
QC 0 69 1000
QC 11 83 1000
QC 8 79 1000
QC 6 88 1000
QC 12 69 1000
QC 9 74 1000
QC 1 68 1000
QC 6 89 602
QC 7 72 1000
QC 4 74 1000
QC 5 72 1000
QC 13 73 1000
QC 10 70 1000
QC 0 70 1000
QC 11 84 1000
QC 8 80 1000
QC 4 75 679
QC 12 70 1000
QC 9 75 1000
QC 1 69 1000
QC 6 90 1000
QC 7 73 1000
QC 5 73 1000
QC 13 74 1000
QC 10 71 1000
QC 0 71 1000
QC 11 85 1000
QC 8 81 1000
QC 13 75 512
QC 4 76 1000
QC 12 71 1000
QC 9 76 1000
QC 1 70 1000
QC 6 91 1000
QC 7 74 1000
QC 5 74 1000
QC 10 72 1000
QC 11 86 906
QC 0 72 1000
QC 8 82 1000
QC 13 76 1000
QC 4 77 1000
QC 12 72 1000
QC 9 77 1000
QC 1 71 1000
QC 6 92 1000
QC 7 75 1000
QC 5 75 1000
QC 10 73 1000
QC 11 87 1000
QC 0 73 1000
QC 8 83 1000
QC 13 77 1000
QC 4 78 1000
QC 12 73 1000
QC 9 78 1000
QC 1 72 1000
QC 6 93 1000
QC 7 76 1000
QC 5 76 1000
QC 10 74 1000
QC 11 88 1000
QC 0 74 1000
QC 8 84 1000
QC 13 78 1000
QC 4 79 1000
QC 12 74 1000
QC 9 79 1000
QC 1 73 1000
QC 6 94 1000
QC 5 77 1000
QC 7 77 1000
QC 10 75 1000
QC 11 89 1000
QC 8 85 1000
QC 0 75 1000
QC 13 79 1000
QC 4 80 1000
QC 12 75 1000
QC 9 80 1000
QC 1 74 1000
QC 6 95 1000
QC 5 78 1000
QC 7 78 1000
QC 10 76 1000
QC 4 81 502
QC 11 90 1000
QC 8 86 1000
QC 0 76 1000
QC 4 82 302
QC 11 91 297
QC 13 80 1000
QC 6 96 849
QC 12 76 1000
QC 9 81 1000
QC 1 75 1000
QC 5 79 1000
QC 7 79 1000
QC 10 77 1000
QC 8 87 1000
QC 0 77 1000
QC 4 83 1000
QC 11 92 1000
QC 5 80 476
QC 13 81 1000
QC 7 80 722
QC 6 97 1000
QC 12 77 1000
QC 9 82 1000
QC 1 76 1000
QC 11 93 590
QC 10 78 1000
QC 8 88 1000
QC 0 78 1000
QC 11 94 385
QC 4 84 1000
QC 5 81 1000
QC 13 82 1000
QC 11 95 194
QC 6 98 1000
QC 7 81 1000
QC 12 78 1000
QC 9 83 1000
QC 1 77 1000
QC 10 79 1000
QC 5 82 684
QC 8 89 1000
QC 0 79 1000
QC 6 99 689
Finished run 6 for QC
QC 4 85 1000
QC 13 83 1000
QC 11 96 1000
QC 7 82 1000
QC 5 83 677
QC 12 79 1000
QC 9 84 1000
QC 1 78 1000
QC 10 80 1000
QC 8 90 1000
QC 0 80 1000
QC 4 86 1000
QC 13 84 1000
QC 11 97 1000
QC 7 83 1000
QC 5 84 1000
QC 12 80 1000
QC 9 85 1000
QC 1 79 1000
QC 10 81 1000
QC 7 84 323
QC 8 91 1000
QC 11 98 812
QC 0 81 1000
QC 7 85 266
QC 4 87 1000
QC 13 85 1000
QC 5 85 1000
QC 12 81 1000
QC 9 86 1000
QC 1 80 1000
QC 10 82 1000
QC 8 92 1000
QC 11 99 1000
Finished run 11 for QC
QC 0 82 1000
QC 7 86 1000
QC 4 88 1000
QC 13 86 1000
QC 5 86 1000
QC 12 82 1000
QC 9 87 1000
QC 1 81 1000
QC 10 83 1000
QC 8 93 1000
QC 4 89 1000
QC 7 87 1000
QC 0 83 1000
QC 13 87 1000
QC 5 87 1000
QC 12 83 1000
QC 9 88 1000
QC 10 84 1000
QC 1 82 1000
QC 8 94 1000
QC 4 90 1000
QC 13 88 1000
QC 0 84 1000
QC 7 88 1000
QC 5 88 1000
QC 12 84 1000
QC 10 85 1000
QC 9 89 1000
QC 1 83 1000
QC 8 95 1000
QC 4 91 960
QC 13 89 1000
QC 0 85 1000
QC 7 89 1000
QC 5 89 1000
QC 12 85 1000
QC 9 90 1000
QC 10 86 1000
QC 1 84 999
QC 8 96 1000
QC 4 92 1000
QC 13 90 1000
QC 7 90 1000
QC 0 86 1000
QC 5 90 1000
QC 12 86 1000
QC 9 91 1000
QC 10 87 1000
QC 1 85 1000
QC 8 97 1000
QC 4 93 1000
QC 13 91 1000
QC 7 91 1000
QC 0 87 1000
QC 5 91 1000
QC 12 87 1000
QC 9 92 1000
QC 10 88 1000
QC 1 86 1000
QC 8 98 1000
QC 4 94 1000
QC 13 92 1000
QC 7 92 1000
QC 0 88 1000
QC 5 92 1000
QC 12 88 1000
QC 9 93 1000
QC 10 89 1000
QC 1 87 1000
QC 8 99 1000
Finished run 8 for QC
QC 4 95 1000
QC 13 93 1000
QC 7 93 1000
QC 0 89 1000
QC 5 93 1000
QC 12 89 1000
QC 10 90 1000
QC 9 94 1000
QC 1 88 1000
QC 5 94 367
QC 4 96 1000
QC 13 94 1000
QC 7 94 1000
QC 0 90 1000
QC 12 90 1000
QC 4 97 737
QC 10 91 1000
QC 9 95 1000
QC 1 89 1000
QC 5 95 1000
QC 13 95 1000
QC 7 95 1000
QC 0 91 1000
QC 12 91 1000
QC 4 98 1000
QC 10 92 1000
QC 9 96 1000
QC 1 90 1000
QC 5 96 1000
QC 13 96 1000
QC 4 99 392
Finished run 4 for QC
QC 7 96 1000
QC 0 92 990
QC 12 92 1000
QC 10 93 1000
QC 9 97 1000
QC 1 91 1000
QC 5 97 1000
QC 13 97 1000
QC 7 97 1000
QC 0 93 1000
QC 10 94 804
QC 12 93 1000
QC 9 98 1000
QC 1 92 1000
QC 5 98 1000
QC 13 98 1000
QC 7 98 1000
QC 0 94 1000
QC 10 95 1000
QC 5 99 726
Finished run 5 for QC
QC 9 99 1000
Finished run 9 for QC
QC 12 94 1000
QC 1 93 1000
QC 13 99 1000
Finished run 13 for QC
QC 10 96 591
QC 7 99 1000
Finished run 7 for QC
QC 0 95 1000
QC 1 94 1000
QC 12 95 1000
QC 10 97 1000
QC 0 96 1000
QC 10 98 300
QC 1 95 1000
QC 12 96 1000
QC 10 99 646
Finished run 10 for QC
QC 0 97 1000
QC 1 96 1000
QC 12 97 1000
QC 0 98 1000
QC 1 97 1000
QC 12 98 1000
QC 0 99 1000
Finished run 0 for QC
QC 1 98 1000
QC 12 99 1000
Finished run 12 for QC
QC 1 99 1000
Finished run 1 for QC
QLearning 12 0 123
QLearning 13 0 164
QLearning 5 0 183
QLearning 9 0 193
QLearning 5 1 308
QLearning 9 1 373
QLearning 9 2 281
QLearning 13 1 696
QLearning 12 1 802
QLearning 8 0 1000
QLearning 11 0 1000
QLearning 2 0 1000
QLearning 7 0 1000
QLearning 10 0 1000
QLearning 4 0 1000
QLearning 0 0 1000
QLearning 3 0 1000
QLearning 6 0 1000
QLearning 1 0 1000
QLearning 9 3 223
QLearning 13 2 231
QLearning 12 2 331
QLearning 9 4 331
QLearning 5 2 1000
QLearning 13 3 449
QLearning 9 5 249
QLearning 12 3 448
QLearning 13 4 314
QLearning 9 6 231
QLearning 8 1 1000
QLearning 2 1 1000
QLearning 7 1 1000
QLearning 11 1 1000
QLearning 3 1 1000
QLearning 0 1 1000
QLearning 1 1 1000
QLearning 10 1 1000
QLearning 4 1 1000
QLearning 6 1 1000
QLearning 9 7 159
QLearning 12 4 418
QLearning 13 5 344
QLearning 9 8 255
QLearning 5 3 899
QLearning 12 5 303
QLearning 9 9 159
QLearning 13 6 290
QLearning 5 4 189
QLearning 12 6 153
QLearning 9 10 208
QLearning 5 5 190
QLearning 12 7 169
QLearning 9 11 154
QLearning 13 7 337
QLearning 9 12 96
QLearning 8 2 1000
QLearning 2 2 1000
QLearning 12 8 157
QLearning 7 2 1000
QLearning 1 2 1000
QLearning 3 2 1000
QLearning 11 2 1000
QLearning 0 2 1000
QLearning 4 2 1000
QLearning 10 2 1000
QLearning 9 13 116
QLearning 6 2 1000
QLearning 13 8 257
QLearning 12 9 218
QLearning 5 6 555
QLearning 13 9 150
QLearning 12 10 196
QLearning 9 14 428
QLearning 13 10 218
QLearning 9 15 139
QLearning 5 7 333
QLearning 13 11 173
QLearning 9 16 148
QLearning 12 11 402
QLearning 13 12 205
QLearning 2 3 1000
QLearning 8 3 1000
QLearning 7 3 1000
QLearning 1 3 1000
QLearning 3 3 1000
QLearning 9 17 226
QLearning 5 8 403
QLearning 11 3 1000
QLearning 0 3 1000
QLearning 4 3 1000
QLearning 13 13 149
QLearning 10 3 1000
QLearning 6 3 1000
QLearning 12 12 264
QLearning 9 18 239
QLearning 13 14 162
QLearning 12 13 149
QLearning 9 19 133
QLearning 12 14 150
QLearning 13 15 159
QLearning 9 20 119
QLearning 13 16 140
QLearning 5 9 580
QLearning 12 15 161
QLearning 9 21 211
QLearning 13 17 160
QLearning 12 16 174
QLearning 13 18 141
QLearning 5 10 301
QLearning 2 4 1000
QLearning 8 4 1000
QLearning 12 17 140
QLearning 7 4 1000
QLearning 1 4 1000
QLearning 9 22 279
QLearning 3 4 1000
QLearning 13 19 205
QLearning 12 18 163
QLearning 4 4 1000
QLearning 0 4 1000
QLearning 11 4 1000
QLearning 10 4 1000
QLearning 6 4 1000
QLearning 9 23 278
QLearning 12 19 146
QLearning 13 20 172
QLearning 13 21 142
QLearning 12 20 183
QLearning 5 11 577
QLearning 9 24 275
QLearning 12 21 165
QLearning 13 22 241
QLearning 9 25 256
QLearning 12 22 159
QLearning 13 23 141
QLearning 5 12 369
QLearning 2 5 1000
QLearning 8 5 1000
QLearning 7 5 1000
QLearning 12 23 141
QLearning 1 5 1000
QLearning 3 5 1000
QLearning 13 24 131
QLearning 12 24 123
QLearning 9 26 314
QLearning 13 25 168
QLearning 4 5 1000
QLearning 0 5 1000
QLearning 11 5 1000
QLearning 10 5 1000
QLearning 6 5 1000
QLearning 9 27 134
QLearning 5 13 393
QLearning 12 25 217
QLearning 5 14 192
QLearning 12 26 163
QLearning 9 28 260
QLearning 5 15 123
QLearning 13 26 453
QLearning 12 27 151
QLearning 5 16 123
QLearning 9 29 246
QLearning 13 27 144
QLearning 5 17 140
QLearning 12 28 239
QLearning 13 28 121
QLearning 2 6 1000
QLearning 8 6 1000
QLearning 7 6 1000
QLearning 1 6 1000
QLearning 3 6 1000
QLearning 5 18 158
QLearning 13 29 140
QLearning 9 30 290
QLearning 12 29 232
QLearning 13 30 124
QLearning 4 6 1000
QLearning 5 19 198
QLearning 0 6 1000
QLearning 11 6 1000
QLearning 10 6 1000
QLearning 6 6 1000
QLearning 9 31 185
QLearning 12 30 157
QLearning 13 31 141
QLearning 5 20 180
QLearning 9 32 273
QLearning 13 32 218
QLearning 5 21 172
QLearning 9 33 151
QLearning 5 22 139
QLearning 13 33 261
QLearning 12 31 522
QLearning 9 34 160
QLearning 5 23 198
QLearning 2 7 1000
QLearning 8 7 1000
QLearning 7 7 1000
QLearning 3 7 1000
QLearning 1 7 1000
QLearning 9 35 163
QLearning 13 34 227
QLearning 12 32 229
QLearning 12 33 95
QLearning 9 36 178
QLearning 4 7 1000
QLearning 13 35 177
QLearning 0 7 1000
QLearning 11 7 1000
QLearning 10 7 1000
QLearning 6 7 1000
QLearning 12 34 110
QLearning 5 24 393
QLearning 9 37 154
QLearning 13 36 160
QLearning 12 35 106
QLearning 9 38 166
QLearning 12 36 186
QLearning 9 39 151
QLearning 13 37 248
QLearning 12 37 146
QLearning 9 40 154
QLearning 5 25 560
QLearning 12 38 116
QLearning 2 8 1000
QLearning 8 8 1000
QLearning 9 41 159
QLearning 7 8 1000
QLearning 3 8 1000
QLearning 1 8 1000
QLearning 5 26 162
QLearning 12 39 153
QLearning 13 38 376
QLearning 9 42 169
QLearning 13 39 139
QLearning 12 40 172
QLearning 4 8 1000
QLearning 0 8 1000
QLearning 10 8 1000
QLearning 9 43 137
QLearning 11 8 1000
QLearning 6 8 1000
QLearning 12 41 158
QLearning 13 40 201
QLearning 5 27 405
QLearning 9 44 159
QLearning 12 42 109
QLearning 13 41 174
QLearning 9 45 190
QLearning 12 43 183
QLearning 13 42 117
QLearning 9 46 139
QLearning 5 28 424
QLearning 9 47 145
QLearning 13 43 208
QLearning 12 44 228
QLearning 2 9 1000
QLearning 8 9 1000
QLearning 7 9 1000
QLearning 3 9 1000
QLearning 1 9 1000
QLearning 13 44 96
QLearning 9 48 173
QLearning 12 45 168
QLearning 13 45 175
QLearning 9 49 158
QLearning 4 9 1000
QLearning 0 9 1000
QLearning 10 9 1000
QLearning 11 9 1000
QLearning 6 9 1000
QLearning 12 46 227
QLearning 9 50 167
QLearning 13 46 214
QLearning 5 29 591
QLearning 12 47 152
QLearning 9 51 168
QLearning 5 30 179
QLearning 13 47 171
QLearning 9 52 166
QLearning 5 31 182
QLearning 13 48 157
QLearning 9 53 161
QLearning 2 10 1000
QLearning 7 10 1000
QLearning 8 10 1000
QLearning 12 48 444
QLearning 13 49 178
QLearning 3 10 1000
QLearning 1 10 1000
QLearning 13 50 138
QLearning 9 54 210
QLearning 5 32 349
QLearning 12 49 240
QLearning 9 55 151
QLearning 13 51 170
QLearning 4 10 1000
QLearning 0 10 1000
QLearning 10 10 1000
QLearning 11 10 1000
QLearning 6 10 1000
QLearning 12 50 163
QLearning 13 52 138
QLearning 9 56 215
QLearning 5 33 354
QLearning 12 51 117
QLearning 13 53 158
QLearning 5 34 152
QLearning 9 57 219
QLearning 13 54 132
QLearning 5 35 147
QLearning 12 52 303
QLearning 13 55 166
QLearning 9 58 214
QLearning 2 11 1000
QLearning 8 11 1000
QLearning 7 11 1000
QLearning 3 11 1000
QLearning 1 11 1000
QLearning 5 36 253
QLearning 13 56 170
QLearning 12 53 285
QLearning 9 59 240
QLearning 13 57 95
QLearning 5 37 163
QLearning 4 11 1000
QLearning 6 11 1000
QLearning 13 58 152
QLearning 5 38 158
QLearning 0 11 1000
QLearning 9 60 217
QLearning 10 11 1000
QLearning 11 11 1000
QLearning 12 54 309
QLearning 13 59 119
QLearning 5 39 141
QLearning 9 61 159
QLearning 12 55 180
QLearning 5 40 130
QLearning 13 60 177
QLearning 9 62 228
QLearning 13 61 116
QLearning 9 63 108
QLearning 8 12 1000
QLearning 7 12 1000
QLearning 2 12 1000
QLearning 1 12 1000
QLearning 5 41 306
QLearning 13 62 168
QLearning 3 12 1000
QLearning 12 56 399
QLearning 9 64 195
QLearning 5 42 155
QLearning 13 63 167
QLearning 9 65 176
QLearning 12 57 205
QLearning 13 64 150
QLearning 5 43 219
QLearning 9 66 118
QLearning 4 12 1000
QLearning 6 12 1000
QLearning 0 12 1000
QLearning 10 12 1000
QLearning 13 65 130
QLearning 11 12 1000
QLearning 12 58 180
QLearning 5 44 165
QLearning 9 67 163
QLearning 13 66 144
QLearning 12 59 219
QLearning 5 45 185
QLearning 9 68 171
QLearning 13 67 138
QLearning 9 69 141
QLearning 5 46 150
QLearning 12 60 201
QLearning 7 13 1000
QLearning 13 68 185
QLearning 2 13 1000
QLearning 8 13 1000
QLearning 1 13 1000
QLearning 3 13 1000
QLearning 9 70 175
QLearning 5 47 178
QLearning 13 69 225
QLearning 12 61 274
QLearning 5 48 159
QLearning 9 71 183
QLearning 5 49 115
QLearning 9 72 114
QLearning 12 62 187
QLearning 4 13 1000
QLearning 6 13 1000
QLearning 9 73 121
QLearning 0 13 1000
QLearning 5 50 150
QLearning 10 13 1000
QLearning 11 13 1000
QLearning 13 70 311
QLearning 12 63 152
QLearning 9 74 138
QLearning 5 51 177
QLearning 13 71 157
QLearning 9 75 178
QLearning 13 72 134
QLearning 5 52 175
QLearning 12 64 318
QLearning 9 76 128
QLearning 1 14 1000
QLearning 7 14 1000
QLearning 8 14 1000
QLearning 2 14 1000
QLearning 3 14 1000
QLearning 13 73 202
QLearning 12 65 136
QLearning 5 53 225
QLearning 9 77 175
QLearning 12 66 144
QLearning 5 54 139
QLearning 13 74 232
QLearning 9 78 153
QLearning 12 67 165
QLearning 5 55 143
QLearning 9 79 122
QLearning 13 75 165
QLearning 4 14 1000
QLearning 6 14 1000
QLearning 5 56 159
QLearning 0 14 1000
QLearning 10 14 1000
QLearning 11 14 1000
QLearning 12 68 191
QLearning 9 80 176
QLearning 13 76 152
QLearning 5 57 173
QLearning 12 69 177
QLearning 9 81 203
QLearning 13 77 184
QLearning 5 58 144
QLearning 9 82 149
QLearning 13 78 125
QLearning 2 15 1000
QLearning 12 70 167
QLearning 7 15 1000
QLearning 8 15 1000
QLearning 1 15 1000
QLearning 3 15 1000
QLearning 13 79 131
QLearning 12 71 127
QLearning 9 83 174
QLearning 5 59 328
QLearning 13 80 108
QLearning 12 72 139
QLearning 9 84 191
QLearning 5 60 148
QLearning 12 73 162
QLearning 13 81 226
QLearning 5 61 123
QLearning 4 15 1000
QLearning 5 62 122
QLearning 6 15 1000
QLearning 12 74 156
QLearning 0 15 1000
QLearning 13 82 142
QLearning 10 15 1000
QLearning 11 15 1000
QLearning 9 85 317
QLearning 5 63 120
QLearning 13 83 151
QLearning 12 75 166
QLearning 12 76 111
QLearning 5 64 172
QLearning 9 86 247
QLearning 13 84 139
QLearning 2 16 1000
QLearning 1 16 1000
QLearning 8 16 1000
QLearning 7 16 1000
QLearning 9 87 115
QLearning 3 16 1000
QLearning 12 77 158
QLearning 13 85 219
QLearning 9 88 115
QLearning 5 65 281
QLearning 12 78 140
QLearning 9 89 161
QLearning 4 16 774
QLearning 12 79 153
QLearning 13 86 225
QLearning 9 90 160
QLearning 12 80 145
QLearning 13 87 144
QLearning 5 66 367
QLearning 6 16 1000
QLearning 0 16 1000
QLearning 12 81 127
QLearning 10 16 1000
QLearning 11 16 1000
QLearning 13 88 175
QLearning 9 91 251
QLearning 5 67 290
QLearning 12 82 193
QLearning 4 17 591
QLearning 1 17 1000
QLearning 2 17 1000
QLearning 7 17 1000
QLearning 8 17 1000
QLearning 12 83 154
QLearning 5 68 186
QLearning 3 17 1000
QLearning 13 89 336
QLearning 5 69 157
QLearning 13 90 162
QLearning 9 92 526
QLearning 12 84 219
QLearning 5 70 147
QLearning 9 93 147
QLearning 13 91 150
QLearning 12 85 190
QLearning 9 94 202
QLearning 5 71 253
QLearning 13 92 196
QLearning 6 17 1000
QLearning 0 17 1000
QLearning 10 17 1000
QLearning 12 86 241
QLearning 11 17 1000
QLearning 4 18 730
QLearning 9 95 160
QLearning 5 72 212
QLearning 13 93 216
QLearning 12 87 179
QLearning 9 96 152
QLearning 5 73 169
QLearning 2 18 1000
QLearning 8 18 1000
QLearning 1 18 1000
QLearning 7 18 1000
QLearning 13 94 205
QLearning 9 97 138
QLearning 4 19 329
QLearning 12 88 162
QLearning 3 18 1000
QLearning 5 74 178
QLearning 9 98 146
QLearning 12 89 154
QLearning 13 95 189
QLearning 5 75 138
QLearning 9 99 170
Finished run 9 for QLearning
QLearning 13 96 121
QLearning 12 90 148
QLearning 5 76 167
QLearning 13 97 149
QLearning 12 91 160
QLearning 5 77 163
QLearning 13 98 107
QLearning 6 18 1000
QLearning 0 18 1000
QLearning 10 18 1000
QLearning 5 78 127
QLearning 11 18 1000
QLearning 13 99 158
Finished run 13 for QLearning
QLearning 4 20 720
QLearning 12 92 286
QLearning 5 79 199
QLearning 2 19 1000
QLearning 1 19 1000
QLearning 8 19 1000
QLearning 7 19 1000
QLearning 4 21 208
QLearning 3 19 1000
QLearning 12 93 174
QLearning 5 80 184
QLearning 12 94 156
QLearning 4 22 206
QLearning 5 81 107
QLearning 12 95 138
QLearning 4 23 159
QLearning 5 82 170
QLearning 5 83 114
QLearning 12 96 201
QLearning 4 24 263
QLearning 5 84 163
QLearning 12 97 148
QLearning 6 19 1000
QLearning 0 19 1000
QLearning 10 19 1000
QLearning 11 19 1000
QLearning 5 85 148
QLearning 12 98 149
QLearning 4 25 280
QLearning 2 20 1000
QLearning 1 20 1000
QLearning 8 20 1000
QLearning 7 20 1000
QLearning 12 99 162
Finished run 12 for QLearning
QLearning 3 20 1000
QLearning 5 86 191
QLearning 4 26 243
QLearning 5 87 180
QLearning 5 88 109
QLearning 4 27 178
QLearning 5 89 151
QLearning 4 28 150
QLearning 5 90 166
QLearning 4 29 165
QLearning 6 20 1000
QLearning 5 91 115
QLearning 0 20 1000
QLearning 10 20 1000
QLearning 11 20 1000
QLearning 4 30 177
QLearning 5 92 146
QLearning 2 21 1000
QLearning 1 21 1000
QLearning 8 21 1000
QLearning 7 21 1000
QLearning 3 21 1000
QLearning 5 93 130
QLearning 5 94 220
QLearning 4 31 514
QLearning 5 95 203
QLearning 6 21 791
QLearning 5 96 140
QLearning 4 32 248
QLearning 5 97 148
QLearning 0 21 1000
QLearning 10 21 1000
QLearning 11 21 1000
QLearning 5 98 106
QLearning 2 22 1000
QLearning 4 33 253
QLearning 1 22 1000
QLearning 7 22 1000
QLearning 8 22 1000
QLearning 3 22 1000
QLearning 5 99 185
Finished run 5 for QLearning
QLearning 4 34 195
QLearning 4 35 290
QLearning 6 22 1000
QLearning 4 36 186
QLearning 0 22 1000
QLearning 10 22 1000
QLearning 11 22 1000
QLearning 4 37 274
QLearning 2 23 1000
QLearning 1 23 1000
QLearning 7 23 1000
QLearning 8 23 1000
QLearning 3 23 1000
QLearning 4 38 264
QLearning 4 39 208
QLearning 4 40 119
QLearning 6 23 1000
QLearning 0 23 1000
QLearning 10 23 1000
QLearning 11 23 1000
QLearning 2 24 1000
QLearning 4 41 393
QLearning 7 24 1000
QLearning 1 24 1000
QLearning 8 24 1000
QLearning 3 24 1000
QLearning 6 24 1000
QLearning 2 25 1000
QLearning 0 24 1000
QLearning 10 24 1000
QLearning 11 24 1000
QLearning 4 42 1000
QLearning 7 25 1000
QLearning 1 25 1000
QLearning 8 25 1000
QLearning 3 25 1000
QLearning 4 43 171
QLearning 4 44 222
QLearning 4 45 166
QLearning 4 46 124
QLearning 6 25 1000
QLearning 4 47 135
QLearning 2 26 1000
QLearning 4 48 87
QLearning 0 25 1000
QLearning 10 25 1000
QLearning 7 26 1000
QLearning 11 25 1000
QLearning 1 26 1000
QLearning 8 26 1000
QLearning 3 26 1000
QLearning 4 49 139
QLearning 4 50 165
QLearning 4 51 153
QLearning 4 52 263
QLearning 6 26 946
QLearning 4 53 152
QLearning 2 27 1000
QLearning 7 27 1000
QLearning 0 26 1000
QLearning 1 27 1000
QLearning 10 26 1000
QLearning 4 54 150
QLearning 11 26 1000
QLearning 8 27 1000
QLearning 3 27 1000
QLearning 4 55 157
QLearning 6 27 555
QLearning 4 56 143
QLearning 4 57 170
QLearning 4 58 233
QLearning 2 28 1000
QLearning 4 59 155
QLearning 7 28 1000
QLearning 1 28 1000
QLearning 0 27 1000
QLearning 10 27 1000
QLearning 4 60 135
QLearning 11 27 1000
QLearning 8 28 1000
QLearning 3 28 1000
QLearning 6 28 847
QLearning 4 61 151
QLearning 4 62 145
QLearning 4 63 147
QLearning 4 64 121
QLearning 4 65 152
QLearning 2 29 1000
QLearning 7 29 1000
QLearning 1 29 1000
QLearning 6 29 775
QLearning 4 66 180
QLearning 0 28 1000
QLearning 3 29 1000
QLearning 10 28 1000
QLearning 8 29 1000
QLearning 11 28 1000
QLearning 4 67 174
QLearning 6 30 407
QLearning 4 68 334
QLearning 4 69 154
QLearning 4 70 169
QLearning 6 31 443
QLearning 2 30 1000
QLearning 4 71 122
QLearning 7 30 1000
QLearning 1 30 1000
QLearning 3 30 1000
QLearning 8 30 1000
QLearning 0 29 1000
QLearning 10 29 1000
QLearning 11 29 1000
QLearning 6 32 514
QLearning 4 72 457
QLearning 4 73 147
QLearning 6 33 433
QLearning 2 31 1000
QLearning 4 74 335
QLearning 7 31 1000
QLearning 1 31 1000
QLearning 8 31 1000
QLearning 3 31 1000
QLearning 10 30 1000
QLearning 11 30 1000
QLearning 0 30 1000
QLearning 4 75 225
QLearning 6 34 340
QLearning 4 76 122
QLearning 4 77 189
QLearning 6 35 311
QLearning 4 78 110
QLearning 4 79 146
QLearning 2 32 1000
QLearning 6 36 340
QLearning 7 32 1000
QLearning 1 32 1000
QLearning 8 32 1000
QLearning 3 32 1000
QLearning 6 37 147
QLearning 4 80 292
QLearning 0 31 1000
QLearning 10 31 1000
QLearning 11 31 1000
QLearning 4 81 185
QLearning 4 82 153
QLearning 4 83 173
QLearning 6 38 602
QLearning 4 84 145
QLearning 2 33 1000
QLearning 7 33 1000
QLearning 1 33 1000
QLearning 6 39 254
QLearning 4 85 150
QLearning 8 33 1000
QLearning 3 33 1000
QLearning 4 86 167
QLearning 10 32 1000
QLearning 0 32 1000
QLearning 11 32 1000
QLearning 6 40 341
QLearning 4 87 174
QLearning 4 88 124
QLearning 4 89 179
QLearning 4 90 122
QLearning 6 41 469
QLearning 2 34 1000
QLearning 7 34 1000
QLearning 4 91 122
QLearning 1 34 1000
QLearning 6 42 220
QLearning 3 34 1000
QLearning 8 34 1000
QLearning 4 92 251
QLearning 10 33 1000
QLearning 0 33 1000
QLearning 11 33 1000
QLearning 4 93 172
QLearning 6 43 366
QLearning 4 94 153
QLearning 4 95 185
QLearning 2 35 1000
QLearning 4 96 161
QLearning 7 35 1000
QLearning 1 35 1000
QLearning 4 97 155
QLearning 8 35 1000
QLearning 3 35 1000
QLearning 4 98 192
QLearning 6 44 882
QLearning 10 34 1000
QLearning 0 34 1000
QLearning 4 99 129
Finished run 4 for QLearning
QLearning 11 34 1000
QLearning 2 36 1000
QLearning 7 36 1000
QLearning 1 36 1000
QLearning 8 36 1000
QLearning 3 36 1000
QLearning 6 45 1000
QLearning 0 35 1000
QLearning 10 35 1000
QLearning 11 35 1000
QLearning 7 37 1000
QLearning 6 46 504
QLearning 2 37 1000
QLearning 1 37 1000
QLearning 6 47 182
QLearning 3 37 1000
QLearning 8 37 1000
QLearning 0 36 1000
QLearning 10 36 1000
QLearning 11 36 1000
QLearning 7 38 1000
QLearning 2 38 1000
QLearning 1 38 1000
QLearning 6 48 1000
QLearning 3 38 1000
QLearning 8 38 1000
QLearning 10 37 1000
QLearning 11 37 1000
QLearning 0 37 1000
QLearning 6 49 626
QLearning 7 39 1000
QLearning 2 39 1000
QLearning 6 50 356
QLearning 1 39 1000
QLearning 3 39 1000
QLearning 8 39 1000
QLearning 6 51 319
QLearning 10 38 1000
QLearning 11 38 1000
QLearning 0 38 1000
QLearning 7 40 1000
QLearning 2 40 1000
QLearning 1 40 1000
QLearning 3 40 1000
QLearning 6 52 750
QLearning 8 40 1000
QLearning 6 53 300
QLearning 10 39 1000
QLearning 11 39 1000
QLearning 0 39 1000
QLearning 7 41 1000
QLearning 6 54 475
QLearning 2 41 1000
QLearning 1 41 1000
QLearning 3 41 1000
QLearning 8 41 1000
QLearning 6 55 289
QLearning 10 40 1000
QLearning 11 40 1000
QLearning 0 40 1000
QLearning 6 56 362
QLearning 7 42 1000
QLearning 2 42 1000
QLearning 6 57 418
QLearning 1 42 1000
QLearning 3 42 1000
QLearning 8 42 1000
QLearning 10 41 1000
QLearning 11 41 1000
QLearning 0 41 1000
QLearning 6 58 769
QLearning 7 43 1000
QLearning 2 43 1000
QLearning 1 43 1000
QLearning 8 43 917
QLearning 3 43 1000
QLearning 6 59 569
QLearning 11 42 1000
QLearning 10 42 1000
QLearning 0 42 1000
QLearning 6 60 516
QLearning 7 44 1000
QLearning 2 44 1000
QLearning 1 44 1000
QLearning 8 44 1000
QLearning 3 44 1000
QLearning 6 61 626
QLearning 11 43 1000
QLearning 10 43 1000
QLearning 0 43 1000
QLearning 7 45 1000
QLearning 2 45 1000
QLearning 8 45 1000
QLearning 1 45 1000
QLearning 3 45 1000
QLearning 6 62 711
QLearning 11 44 1000
QLearning 10 44 1000
QLearning 0 44 1000
QLearning 6 63 566
QLearning 7 46 1000
QLearning 2 46 1000
QLearning 8 46 1000
QLearning 1 46 1000
QLearning 3 46 1000
QLearning 6 64 665
QLearning 11 45 1000
QLearning 10 45 1000
QLearning 0 45 1000
QLearning 7 47 1000
QLearning 2 47 1000
QLearning 1 47 1000
QLearning 8 47 1000
QLearning 3 47 1000
QLearning 6 65 899
QLearning 11 46 1000
QLearning 10 46 1000
QLearning 0 46 1000
QLearning 1 48 772
QLearning 2 48 1000
QLearning 7 48 1000
QLearning 8 48 1000
QLearning 3 48 1000
QLearning 6 66 625
QLearning 11 47 1000
QLearning 0 47 1000
QLearning 10 47 1000
QLearning 1 49 1000
QLearning 2 49 1000
QLearning 7 49 1000
QLearning 8 49 1000
QLearning 3 49 1000
QLearning 6 67 1000
QLearning 11 48 1000
QLearning 10 48 1000
QLearning 0 48 1000
QLearning 6 68 651
QLearning 1 50 1000
QLearning 2 50 1000
QLearning 7 50 1000
QLearning 8 50 1000
QLearning 3 50 1000
QLearning 6 69 498
QLearning 11 49 1000
QLearning 1 51 1000
QLearning 2 51 1000
QLearning 0 49 1000
QLearning 10 49 1000
QLearning 6 70 491
QLearning 7 51 1000
QLearning 8 51 1000
QLearning 3 51 1000
QLearning 6 71 365
QLearning 6 72 525
QLearning 11 50 1000
QLearning 2 52 1000
QLearning 1 52 1000
QLearning 0 50 1000
QLearning 10 50 1000
QLearning 7 52 1000
QLearning 8 52 1000
QLearning 3 52 1000
QLearning 1 53 412
QLearning 6 73 548
QLearning 1 54 221
QLearning 1 55 282
QLearning 2 53 1000
QLearning 11 51 1000
QLearning 7 53 1000
QLearning 10 51 1000
QLearning 0 51 1000
QLearning 8 53 1000
QLearning 1 56 289
QLearning 6 74 663
QLearning 3 53 1000
QLearning 1 57 368
QLearning 6 75 503
QLearning 1 58 219
QLearning 2 54 1000
QLearning 0 52 1000
QLearning 7 54 1000
QLearning 11 52 1000
QLearning 1 59 273
QLearning 10 52 1000
QLearning 8 54 1000
QLearning 1 60 165
QLearning 3 54 1000
QLearning 6 76 567
QLearning 1 61 226
QLearning 1 62 157
QLearning 1 63 183
QLearning 6 77 622
QLearning 1 64 172
QLearning 2 55 1000
QLearning 0 53 1000
QLearning 7 55 1000
QLearning 11 53 1000
QLearning 1 65 123
QLearning 10 53 1000
QLearning 8 55 1000
QLearning 3 55 1000
QLearning 1 66 199
QLearning 1 67 185
QLearning 1 68 220
QLearning 1 69 165
QLearning 6 78 1000
QLearning 1 70 146
QLearning 2 56 1000
QLearning 7 56 1000
QLearning 0 54 1000
QLearning 11 54 1000
QLearning 10 54 1000
QLearning 1 71 166
QLearning 8 56 1000
QLearning 3 56 1000
QLearning 1 72 147
QLearning 1 73 114
QLearning 1 74 189
QLearning 6 79 810
QLearning 1 75 153
QLearning 1 76 139
QLearning 2 57 1000
QLearning 7 57 1000
QLearning 0 55 1000
QLearning 11 55 1000
QLearning 1 77 221
QLearning 10 55 1000
QLearning 8 57 1000
QLearning 3 57 1000
QLearning 1 78 315
QLearning 1 79 228
QLearning 6 80 1000
QLearning 1 80 123
QLearning 1 81 114
QLearning 2 58 1000
QLearning 7 58 1000
QLearning 0 56 1000
QLearning 1 82 197
QLearning 11 56 1000
QLearning 10 56 1000
QLearning 8 58 1000
QLearning 3 58 1000
QLearning 6 81 480
QLearning 1 83 201
QLearning 1 84 160
QLearning 1 85 181
QLearning 1 86 275
QLearning 2 59 1000
QLearning 7 59 1000
QLearning 1 87 143
QLearning 6 82 820
QLearning 0 57 1000
QLearning 11 57 1000
QLearning 3 59 1000
QLearning 10 57 1000
QLearning 8 59 1000
QLearning 1 88 203
QLearning 1 89 162
QLearning 1 90 163
QLearning 6 83 536
QLearning 1 91 143
QLearning 1 92 179
QLearning 2 60 1000
QLearning 7 60 1000
QLearning 1 93 129
QLearning 0 58 1000
QLearning 3 60 1000
QLearning 11 58 1000
QLearning 8 60 1000
QLearning 6 84 515
QLearning 10 58 1000
QLearning 1 94 200
QLearning 1 95 122
QLearning 1 96 179
QLearning 6 85 362
QLearning 1 97 190
QLearning 1 98 163
QLearning 6 86 382
QLearning 2 61 1000
QLearning 7 61 1000
QLearning 1 99 207
Finished run 1 for QLearning
QLearning 3 61 1000
QLearning 8 61 1000
QLearning 0 59 1000
QLearning 11 59 1000
QLearning 10 59 1000
QLearning 6 87 276
QLearning 6 88 318
QLearning 2 62 1000
QLearning 7 62 1000
QLearning 3 62 1000
QLearning 8 62 1000
QLearning 0 60 1000
QLearning 11 60 1000
QLearning 10 60 1000
QLearning 6 89 722
QLearning 2 63 1000
QLearning 7 63 1000
QLearning 6 90 745
QLearning 3 63 1000
QLearning 0 61 1000
QLearning 8 63 1000
QLearning 11 61 1000
QLearning 10 61 1000
QLearning 6 91 486
QLearning 2 64 1000
QLearning 6 92 489
QLearning 7 64 1000
QLearning 3 64 1000
QLearning 8 64 1000
QLearning 0 62 1000
QLearning 11 62 1000
QLearning 10 62 1000
QLearning 6 93 857
QLearning 2 65 1000
QLearning 7 65 1000
QLearning 3 65 1000
QLearning 8 65 1000
QLearning 0 63 1000
QLearning 10 63 1000
QLearning 11 63 1000
QLearning 6 94 636
QLearning 6 95 356
QLearning 2 66 1000
QLearning 7 66 1000
QLearning 3 66 1000
QLearning 8 66 1000
QLearning 0 64 1000
QLearning 10 64 1000
QLearning 11 64 1000
QLearning 6 96 484
QLearning 6 97 489
QLearning 2 67 1000
QLearning 7 67 1000
QLearning 3 67 1000
QLearning 8 67 1000
QLearning 6 98 321
QLearning 0 65 1000
QLearning 10 65 1000
QLearning 11 65 1000
QLearning 6 99 503
Finished run 6 for QLearning
QLearning 2 68 1000
QLearning 7 68 1000
QLearning 3 68 1000
QLearning 8 68 1000
QLearning 0 66 1000
QLearning 10 66 1000
QLearning 11 66 1000
QLearning 2 69 1000
QLearning 7 69 1000
QLearning 3 69 1000
QLearning 8 69 1000
QLearning 0 67 1000
QLearning 10 67 1000
QLearning 11 67 1000
QLearning 2 70 1000
QLearning 7 70 1000
QLearning 3 70 1000
QLearning 8 70 1000
QLearning 10 68 1000
QLearning 0 68 1000
QLearning 11 68 1000
QLearning 2 71 1000
QLearning 7 71 1000
QLearning 3 71 1000
QLearning 8 71 1000
QLearning 10 69 1000
QLearning 0 69 1000
QLearning 11 69 1000
QLearning 2 72 1000
QLearning 7 72 1000
QLearning 3 72 1000
QLearning 8 72 1000
QLearning 10 70 1000
QLearning 0 70 1000
QLearning 11 70 1000
QLearning 7 73 1000
QLearning 2 73 1000
QLearning 3 73 1000
QLearning 8 73 1000
QLearning 0 71 1000
QLearning 10 71 1000
QLearning 11 71 1000
QLearning 8 74 639
QLearning 7 74 1000
QLearning 2 74 1000
QLearning 3 74 1000
QLearning 0 72 1000
QLearning 10 72 1000
QLearning 11 72 1000
QLearning 8 75 846
QLearning 7 75 1000
QLearning 2 75 1000
QLearning 3 75 1000
QLearning 8 76 638
QLearning 0 73 1000
QLearning 8 77 162
QLearning 10 73 1000
QLearning 11 73 1000
QLearning 8 78 298
QLearning 7 76 1000
QLearning 2 76 1000
QLearning 8 79 280
QLearning 3 76 1000
QLearning 8 80 155
QLearning 8 81 246
QLearning 0 74 1000
QLearning 10 74 1000
QLearning 11 74 1000
QLearning 8 82 151
QLearning 8 83 135
QLearning 7 77 1000
QLearning 2 77 1000
QLearning 8 84 158
QLearning 8 85 165
QLearning 3 77 1000
QLearning 8 86 129
QLearning 8 87 155
QLearning 0 75 1000
QLearning 8 88 146
QLearning 10 75 1000
QLearning 11 75 1000
QLearning 8 89 148
QLearning 8 90 140
QLearning 7 78 1000
QLearning 2 78 1000
QLearning 8 91 173
QLearning 8 92 86
QLearning 3 78 1000
QLearning 8 93 151
QLearning 8 94 148
QLearning 11 76 879
QLearning 10 76 1000
QLearning 8 95 171
QLearning 0 76 1000
QLearning 8 96 140
QLearning 8 97 146
QLearning 2 79 1000
QLearning 7 79 1000
QLearning 8 98 157
QLearning 8 99 94
Finished run 8 for QLearning
QLearning 3 79 1000
QLearning 11 77 1000
QLearning 10 77 1000
QLearning 0 77 1000
QLearning 7 80 1000
QLearning 2 80 1000
QLearning 3 80 1000
QLearning 11 78 1000
QLearning 10 78 1000
QLearning 0 78 1000
QLearning 7 81 1000
QLearning 2 81 1000
QLearning 3 81 1000
QLearning 11 79 1000
QLearning 10 79 1000
QLearning 0 79 1000
QLearning 7 82 1000
QLearning 2 82 1000
QLearning 3 82 1000
QLearning 11 80 1000
QLearning 10 80 1000
QLearning 0 80 1000
QLearning 7 83 1000
QLearning 2 83 1000
QLearning 3 83 1000
QLearning 11 81 1000
QLearning 10 81 1000
QLearning 0 81 1000
QLearning 7 84 1000
QLearning 2 84 1000
QLearning 3 84 1000
QLearning 11 82 1000
QLearning 0 82 1000
QLearning 10 82 1000
QLearning 7 85 1000
QLearning 2 85 1000
QLearning 3 85 1000
QLearning 11 83 1000
QLearning 0 83 1000
QLearning 10 83 1000
QLearning 7 86 1000
QLearning 2 86 1000
QLearning 3 86 1000
QLearning 11 84 1000
QLearning 0 84 1000
QLearning 10 84 1000
QLearning 7 87 1000
QLearning 2 87 1000
QLearning 3 87 1000
QLearning 11 85 1000
QLearning 0 85 1000
QLearning 10 85 1000
QLearning 7 88 1000
QLearning 2 88 1000
QLearning 3 88 1000
QLearning 11 86 1000
QLearning 0 86 1000
QLearning 10 86 1000
QLearning 7 89 1000
QLearning 2 89 1000
QLearning 3 89 1000
QLearning 11 87 1000
QLearning 0 87 1000
QLearning 10 87 1000
QLearning 7 90 1000
QLearning 2 90 1000
QLearning 3 90 1000
QLearning 11 88 1000
QLearning 0 88 1000
QLearning 10 88 1000
QLearning 7 91 1000
QLearning 2 91 1000
QLearning 3 91 1000
QLearning 11 89 1000
QLearning 0 89 1000
QLearning 10 89 1000
QLearning 7 92 1000
QLearning 2 92 1000
QLearning 3 92 1000
QLearning 11 90 1000
QLearning 0 90 1000
QLearning 7 93 1000
QLearning 10 90 1000
QLearning 2 93 1000
QLearning 3 93 1000
QLearning 11 91 1000
QLearning 7 94 1000
QLearning 0 91 1000
QLearning 10 91 1000
QLearning 2 94 1000
QLearning 3 94 1000
QLearning 11 92 1000
QLearning 7 95 1000
QLearning 0 92 1000
QLearning 10 92 1000
QLearning 2 95 1000
QLearning 3 95 1000
QLearning 11 93 1000
QLearning 7 96 1000
QLearning 0 93 1000
QLearning 10 93 1000
QLearning 2 96 1000
QLearning 3 96 1000
QLearning 11 94 1000
QLearning 7 97 1000
QLearning 10 94 1000
QLearning 0 94 1000
QLearning 2 97 1000
QLearning 3 97 1000
QLearning 7 98 1000
QLearning 11 95 1000
QLearning 2 98 1000
QLearning 10 95 1000
QLearning 0 95 1000
QLearning 3 98 1000
QLearning 7 99 1000
Finished run 7 for QLearning
QLearning 11 96 1000
QLearning 2 99 1000
Finished run 2 for QLearning
QLearning 10 96 1000
QLearning 0 96 1000
QLearning 3 99 1000
Finished run 3 for QLearning
QLearning 11 97 1000
QLearning 10 97 1000
QLearning 0 97 1000
QLearning 10 98 1000
QLearning 11 98 1000
QLearning 0 98 1000
QLearning 10 99 1000
Finished run 10 for QLearning
QLearning 11 99 1000
Finished run 11 for QLearning
QLearning 0 99 1000
Finished run 0 for QLearning
{'QLearning': array([[1000., 1000., 1000., ..., 1000., 1000., 1000.],
       [1000., 1000., 1000., ...,  190.,  163.,  207.],
       [1000., 1000., 1000., ..., 1000., 1000., 1000.],
       ...,
       [1000., 1000., 1000., ..., 1000., 1000., 1000.],
       [ 123.,  802.,  331., ...,  148.,  149.,  162.],
       [ 164.,  696.,  231., ...,  149.,  107.,  158.]], shape=(14, 100)), 'QRC': array([[1000., 1000., 1000., ..., 1000.,  859.,  842.],
       [1000., 1000., 1000., ..., 1000., 1000., 1000.],
       [1000., 1000., 1000., ...,  181.,  143.,  134.],
       ...,
       [1000., 1000., 1000., ...,  243.,   89.,  179.],
       [1000., 1000., 1000., ...,  161.,  874.,  265.],
       [1000., 1000., 1000., ...,  143.,  183.,  198.]], shape=(14, 100)), 'QC': array([[1000., 1000., 1000., ..., 1000., 1000., 1000.],
       [1000., 1000., 1000., ..., 1000., 1000., 1000.],
       [ 418., 1000., 1000., ...,  193.,  163.,  152.],
       ...,
       [1000., 1000., 1000., ..., 1000.,  812., 1000.],
       [1000., 1000., 1000., ..., 1000., 1000., 1000.],
       [1000., 1000., 1000., ..., 1000., 1000., 1000.]], shape=(14, 100))}